{5.702,0.8,1.570796326794},
{5.70199,0.800018,1.570796507102},
{5.70198,0.800028,1.570796562919},
{5.70198,0.800038,1.570796618737},
{5.70194,0.800103,1.570796944825},
{5.70193,0.800127,1.570797019597},
{5.70191,0.800151,1.570797094370},
{5.7019,0.800176,1.570797169142},
{5.70188,0.8002,1.570797243915},
{5.70187,0.800224,1.570797318687},
{5.70186,0.800248,1.570797393464},
{5.70184,0.800272,1.570797468234},
{5.70176,0.800415,1.570797900104},
{5.70173,0.800459,1.570798005324},
{5.70171,0.800503,1.570798110554},
{5.70168,0.800547,1.570798215774},
{5.70165,0.800591,1.570798321004},
{5.70163,0.800635,1.570798426224},
{5.7016,0.800679,1.570798531444},
{5.70158,0.800723,1.570798636674},
{5.70155,0.800767,1.570798741894},
{5.70153,0.80081,1.570798847124},
{5.7015,0.800854,1.570798952344},
{5.70148,0.800898,1.570799057564},
{5.70145,0.800942,1.570799162794},
{5.7013,0.801204,1.570799766074},
{5.70126,0.801273,1.570799898354},
{5.70122,0.801343,1.570800030634},
{5.70117,0.801412,1.570800162924},
{5.70113,0.801481,1.570800295204},
{5.70109,0.801551,1.570800427484},
{5.70105,0.80162,1.570800559774},
{5.70101,0.801689,1.570800692054},
{5.70097,0.801759,1.570800824334},
{5.70093,0.801828,1.570800956624},
{5.70089,0.801897,1.570801088904},
{5.70085,0.801967,1.570801221184},
{5.70081,0.802036,1.570801353474},
{5.70077,0.802105,1.570801485754},
{5.70073,0.802175,1.570801618034},
{5.70069,0.802244,1.570801750314},
{5.70065,0.802313,1.570801882604},
{5.70042,0.802707,1.570802628514},
{5.70036,0.802807,1.570802805964},
{5.7003,0.802907,1.570802983424},
{5.70024,0.803007,1.570803160874},
{5.70018,0.803107,1.570803338334},
{5.70013,0.803207,1.570803515794},
{5.70007,0.803307,1.570803693244},
{5.70001,0.803407,1.570803870704},
{5.69995,0.803506,1.570804048164},
{5.69989,0.803606,1.570804225614},
{5.69983,0.803706,1.570804403074},
{5.69977,0.803806,1.570804580534},
{5.69972,0.803906,1.570804757984},
{5.69966,0.804006,1.570804935444},
{5.6996,0.804106,1.570805112904},
{5.69954,0.804206,1.570805290354},
{5.69948,0.804306,1.570805467814},
{5.69942,0.804405,1.570805645274},
{5.69937,0.804505,1.570805822724},
{5.69931,0.804605,1.570806000184},
{5.69925,0.804705,1.570806177634},
{5.69919,0.804805,1.570806355094},
{5.69886,0.80537,1.570807336894},
{5.69878,0.805505,1.570807548594},
{5.6987,0.80564,1.570807760294},
{5.69862,0.805775,1.570807971894},
{5.69854,0.80591,1.570808183594},
{5.69847,0.806045,1.570808395294},
{5.69839,0.80618,1.570808606994},
{5.69831,0.806316,1.570808818694},
{5.69823,0.806451,1.570809030294},
{5.69815,0.806586,1.570809241994},
{5.69807,0.806721,1.570809453694},
{5.69799,0.806856,1.570809665394},
{5.69791,0.806991,1.570809877094},
{5.69783,0.807126,1.570810088694},
{5.69775,0.807262,1.570810300394},
{5.69768,0.807397,1.570810512094},
{5.6976,0.807532,1.570810723794},
{5.69752,0.807667,1.570810935494},
{5.69744,0.807802,1.570811147094},
{5.69736,0.807937,1.570811358794},
{5.69728,0.808072,1.570811570494},
{5.6972,0.808207,1.570811782194},
{5.69712,0.808343,1.570811993894},
{5.69704,0.808478,1.570812205494},
{5.69696,0.808613,1.570812417194},
{5.69689,0.808748,1.570812628894},
{5.69645,0.809487,1.570813777894},
{5.69635,0.809661,1.570814038194},
{5.69625,0.809836,1.570814298494},
{5.69615,0.81001,1.570814558794},
{5.69604,0.810185,1.570814818994},
{5.69594,0.810359,1.570815079294},
{5.69584,0.810534,1.570815339594},
{5.69574,0.810708,1.570815599894},
{5.69564,0.810883,1.570815860194},
{5.69553,0.811057,1.570816120494},
{5.69543,0.811232,1.570816380794},
{5.69533,0.811406,1.570816641094},
{5.69523,0.811581,1.570816901394},
{5.69513,0.811755,1.570817161694},
{5.69502,0.81193,1.570817421994},
{5.69492,0.812104,1.570817682294},
{5.69482,0.812279,1.570817942594},
{5.69472,0.812453,1.570818202894},
{5.69462,0.812628,1.570818463094},
{5.69451,0.812802,1.570818723394},
{5.69441,0.812977,1.570818983694},
{5.69431,0.813151,1.570819243994},
{5.69421,0.813326,1.570819504294},
{5.69411,0.8135,1.570819764594},
{5.694,0.813675,1.570820024894},
{5.6939,0.813849,1.570820285194},
{5.6938,0.814024,1.570820545494},
{5.6937,0.814198,1.570820805794},
{5.6936,0.814373,1.570821066094},
{5.69349,0.814547,1.570821326394},
{5.69296,0.815457,1.570822677394},
{5.69283,0.815675,1.570822971094},
{5.69271,0.815892,1.570823264894},
{5.69258,0.816109,1.570823558594},
{5.69245,0.816327,1.570823852394},
{5.69233,0.816544,1.570824146094},
{5.6922,0.816761,1.570824439894},
{5.69207,0.816979,1.570824733594},
{5.69194,0.817196,1.570825027394},
{5.69182,0.817413,1.570825321094},
{5.69169,0.817631,1.570825614894},
{5.69156,0.817848,1.570825908594},
{5.69144,0.818065,1.570826202394},
{5.69131,0.818283,1.570826496094},
{5.69118,0.8185,1.570826789894},
{5.69106,0.818717,1.570827083594},
{5.69093,0.818935,1.570827377394},
{5.6908,0.819152,1.570827671094},
{5.69067,0.819369,1.570827964894},
{5.69055,0.819587,1.570828258594},
{5.69042,0.819804,1.570828552394},
{5.69029,0.820021,1.570828846094},
{5.69017,0.820239,1.570829139894},
{5.69004,0.820456,1.570829433594},
{5.68991,0.820673,1.570829727394},
{5.68978,0.820891,1.570830021094},
{5.68966,0.821108,1.570830314894},
{5.68953,0.821325,1.570830608594},
{5.6894,0.821543,1.570830902394},
{5.68928,0.82176,1.570831196094},
{5.68915,0.821977,1.570831489894},
{5.68902,0.822195,1.570831783594},
{5.68889,0.822412,1.570832077394},
{5.68877,0.822629,1.570832371094},
{5.68864,0.822847,1.570832664894},
{5.68798,0.823968,1.570834168394},
{5.68783,0.824231,1.570834504694},
{5.68768,0.824494,1.570834841094},
{5.68752,0.824757,1.570835177394},
{5.68737,0.82502,1.570835513694},
{5.68722,0.825283,1.570835849994},
{5.68706,0.825546,1.570836186294},
{5.68691,0.825809,1.570836522694},
{5.68675,0.826072,1.570836858994},
{5.6866,0.826335,1.570837195294},
{5.68645,0.826598,1.570837531594},
{5.68629,0.826861,1.570837867894},
{5.68614,0.827124,1.570838204294},
{5.68599,0.827387,1.570838540594},
{5.68583,0.82765,1.570838876894},
{5.68568,0.827912,1.570839213194},
{5.68552,0.828175,1.570839549594},
{5.68537,0.828438,1.570839885894},
{5.68522,0.828701,1.570840222194},
{5.68506,0.828964,1.570840558494},
{5.68491,0.829227,1.570840894794},
{5.68476,0.82949,1.570841231194},
{5.6846,0.829753,1.570841567494},
{5.68445,0.830016,1.570841903794},
{5.68429,0.830279,1.570842240094},
{5.68414,0.830542,1.570842576394},
{5.68399,0.830805,1.570842912794},
{5.68383,0.831068,1.570843249094},
{5.68368,0.831331,1.570843585394},
{5.68352,0.831594,1.570843921694},
{5.68337,0.831857,1.570844257994},
{5.68322,0.832119,1.570844594394},
{5.68306,0.832382,1.570844930694},
{5.68291,0.832645,1.570845266994},
{5.68276,0.832908,1.570845603294},
{5.6826,0.833171,1.570845939594},
{5.68245,0.833434,1.570846275994},
{5.68229,0.833697,1.570846612294},
{5.68154,0.834981,1.570848250594},
{5.68136,0.835291,1.570848607094},
{5.68118,0.835602,1.570848963694},
{5.681,0.835913,1.570849320194},
{5.68082,0.836223,1.570849676694},
{5.68064,0.836534,1.570850033294},
{5.68045,0.836844,1.570850389794},
{5.68027,0.837155,1.570850746294},
{5.68009,0.837466,1.570851102794},
{5.67991,0.837776,1.570851459394},
{5.67973,0.838087,1.570851815894},
{5.67955,0.838397,1.570852172394},
{5.67936,0.838708,1.570852528894},
{5.67918,0.839019,1.570852885494},
{5.679,0.839329,1.570853241994},
{5.67882,0.83964,1.570853598494},
{5.67864,0.83995,1.570853954994},
{5.67846,0.840261,1.570854311594},
{5.67827,0.840572,1.570854668094},
{5.67809,0.840882,1.570855024594},
{5.67791,0.841193,1.570855381094},
{5.67773,0.841503,1.570855737694},
{5.67755,0.841814,1.570856094194},
{5.67737,0.842125,1.570856450694},
{5.67718,0.842435,1.570856807194},
{5.677,0.842746,1.570857163794},
{5.67682,0.843056,1.570857520294},
{5.67664,0.843367,1.570857876794},
{5.67646,0.843678,1.570858233294},
{5.67628,0.843988,1.570858589894},
{5.67609,0.844299,1.570858946394},
{5.67591,0.84461,1.570859302894},
{5.67573,0.84492,1.570859659394},
{5.67555,0.845231,1.570860015994},
{5.67537,0.845541,1.570860372494},
{5.67519,0.845852,1.570860728994},
{5.675,0.846163,1.570861085494},
{5.67482,0.846473,1.570861442094},
{5.67464,0.846784,1.570861798594},
{5.67446,0.847094,1.570862155094},
{5.67428,0.847405,1.570862511594},
{5.6741,0.847716,1.570862868194},
{5.67391,0.848026,1.570863224694},
{5.67304,0.849516,1.570864916194},
{5.67283,0.849875,1.570865300194},
{5.67262,0.850235,1.570865684194},
{5.67241,0.850594,1.570866068194},
{5.6722,0.850954,1.570866452194},
{5.67199,0.851313,1.570866836294},
{5.67178,0.851673,1.570867220294},
{5.67157,0.852033,1.570867604294},
{5.67136,0.852392,1.570867988294},
{5.67115,0.852752,1.570868372294},
{5.67094,0.853111,1.570868756294},
{5.67073,0.853471,1.570869140394},
{5.67052,0.85383,1.570869524394},
{5.67031,0.85419,1.570869908394},
{5.6701,0.854549,1.570870292394},
{5.66989,0.854909,1.570870676394},
{5.66968,0.855269,1.570871060494},
{5.66947,0.855628,1.570871444494},
{5.66926,0.855988,1.570871828494},
{5.66905,0.856347,1.570872212494},
{5.66884,0.856707,1.570872596494},
{5.66863,0.857066,1.570872980594},
{5.66842,0.857426,1.570873364594},
{5.66821,0.857785,1.570873748594},
{5.668,0.858145,1.570874132594},
{5.66779,0.858504,1.570874516594},
{5.66758,0.858864,1.570874900594},
{5.66737,0.859224,1.570875284694},
{5.66716,0.859583,1.570875668694},
{5.66695,0.859943,1.570876052694},
{5.66674,0.860302,1.570876436694},
{5.66653,0.860662,1.570876820694},
{5.66632,0.861021,1.570877204794},
{5.6661,0.861381,1.570877588794},
{5.66589,0.86174,1.570877972794},
{5.66568,0.8621,1.570878356794},
{5.66547,0.86246,1.570878740794},
{5.66526,0.862819,1.570879124894},
{5.66505,0.863179,1.570879508894},
{5.66484,0.863538,1.570879892894},
{5.66463,0.863898,1.570880276894},
{5.66442,0.864257,1.570880660894},
{5.66421,0.864617,1.570881044994},
{5.664,0.864976,1.570881428994},
{5.66379,0.865336,1.570881812994},
{5.66358,0.865696,1.570882196994},
{5.66262,0.867341,1.570883928794},
{5.66238,0.86775,1.570884312694},
{5.66214,0.868159,1.570884696694},
{5.6619,0.868568,1.570885080694},
{5.66166,0.868977,1.570885464694},
{5.66142,0.869386,1.570885848694},
{5.66118,0.869795,1.570886232694},
{5.66095,0.870204,1.570886616694},
{5.66071,0.870613,1.570887000694},
{5.66047,0.871022,1.570887384694},
{5.66023,0.871431,1.570887768694},
{5.65999,0.87184,1.570888152694},
{5.65975,0.872249,1.570888536694},
{5.65951,0.872658,1.570888920694},
{5.65927,0.873067,1.570889304694},
{5.65903,0.873476,1.570889688694},
{5.65879,0.873885,1.570890072694},
{5.65855,0.874294,1.570890456694},
{5.65831,0.874703,1.570890840694},
{5.65807,0.875112,1.570891224694},
{5.65784,0.875521,1.570891608694},
{5.6576,0.87593,1.570891992694},
{5.65736,0.876339,1.570892376694},
{5.65712,0.876748,1.570892760694},
{5.65688,0.877157,1.570893144694},
{5.65664,0.877566,1.570893528694},
{5.6564,0.877975,1.570893912594},
{5.65616,0.878384,1.570894296594},
{5.65592,0.878793,1.570894680594},
{5.65568,0.879202,1.570895064594},
{5.65544,0.879611,1.570895448594},
{5.6552,0.88002,1.570895832594},
{5.65497,0.880429,1.570896216594},
{5.65473,0.880838,1.570896600794},
{5.65449,0.881247,1.570896984794},
{5.65425,0.881655,1.570897368794},
{5.65401,0.882064,1.570897752794},
{5.65377,0.882473,1.570898136794},
{5.65353,0.882882,1.570898520794},
{5.65329,0.883291,1.570898904794},
{5.65305,0.8837,1.570899288794},
{5.65281,0.884109,1.570899672794},
{5.65257,0.884518,1.570900056794},
{5.65233,0.884927,1.570900440794},
{5.6521,0.885336,1.570900824794},
{5.65186,0.885745,1.570901208794},
{5.65162,0.886154,1.570901592794},
{5.65138,0.886563,1.570901976794},
{5.65114,0.886972,1.570902360794},
{5.6509,0.887381,1.570902744794},
{5.64984,0.889185,1.570904401794},
{5.64958,0.889643,1.570904787794},
{5.64931,0.890101,1.570905173794},
{5.64904,0.890559,1.570905559794},
{5.64877,0.891017,1.570905946794},
{5.6485,0.891475,1.570906332794},
{5.64824,0.891933,1.570906718794},
{5.64797,0.892392,1.570907105794},
{5.6477,0.89285,1.570907491794},
{5.64743,0.893308,1.570907877794},
{5.64717,0.893766,1.570908263794},
{5.6469,0.894224,1.570908650794},
{5.64663,0.894682,1.570909036794},
{5.64636,0.89514,1.570909422794},
{5.64609,0.895598,1.570909809794},
{5.64583,0.896056,1.570910195794},
{5.64556,0.896514,1.570910581794},
{5.64529,0.896973,1.570910968794},
{5.64502,0.897431,1.570911354794},
{5.64475,0.897889,1.570911740794},
{5.64449,0.898347,1.570912126794},
{5.64422,0.898805,1.570912513794},
{5.64395,0.899263,1.570912899794},
{5.64368,0.899721,1.570913285794},
{5.64341,0.900179,1.570913672794},
{5.64315,0.900637,1.570914058794},
{5.64288,0.901096,1.570914444794},
{5.64261,0.901554,1.570914830794},
{5.64234,0.902012,1.570915217794},
{5.64207,0.90247,1.570915603794},
{5.64181,0.902928,1.570915989794},
{5.64154,0.903386,1.570916376794},
{5.64127,0.903844,1.570916762794},
{5.641,0.904302,1.570917148794},
{5.64073,0.90476,1.570917534794},
{5.64047,0.905218,1.570917921794},
{5.6402,0.905677,1.570918307794},
{5.63993,0.906135,1.570918693794},
{5.63966,0.906593,1.570919080794},
{5.6394,0.907051,1.570919466794},
{5.63913,0.907509,1.570919852794},
{5.63886,0.907967,1.570920239794},
{5.63859,0.908425,1.570920625794},
{5.63832,0.908883,1.570921011794},
{5.63806,0.909341,1.570921397794},
{5.63779,0.909799,1.570921784794},
{5.63752,0.910258,1.570922170794},
{5.63725,0.910716,1.570922556794},
{5.63698,0.911174,1.570922943794},
{5.63672,0.911632,1.570923329794},
{5.63645,0.91209,1.570923715794},
{5.63618,0.912548,1.570924101794},
{5.63591,0.913006,1.570924488794},
{5.63479,0.914925,1.570926050794},
{5.63449,0.915431,1.570926413794},
{5.6342,0.915937,1.570926776794},
{5.6339,0.916443,1.570927140794},
{5.63361,0.916949,1.570927503794},
{5.63331,0.917455,1.570927866794},
{5.63301,0.917961,1.570928229794},
{5.63272,0.918468,1.570928593794},
{5.63242,0.918974,1.570928956794},
{5.63213,0.91948,1.570929319794},
{5.63183,0.919986,1.570929682794},
{5.63153,0.920492,1.570930045794},
{5.63124,0.920998,1.570930409794},
{5.63094,0.921504,1.570930772794},
{5.63065,0.922011,1.570931135794},
{5.63035,0.922517,1.570931498794},
{5.63005,0.923023,1.570931861794},
{5.62976,0.923529,1.570932225794},
{5.62946,0.924035,1.570932588794},
{5.62917,0.924541,1.570932951794},
{5.62887,0.925048,1.570933314794},
{5.62857,0.925554,1.570933677794},
{5.62828,0.92606,1.570934041794},
{5.62798,0.926566,1.570934404794},
{5.62768,0.927072,1.570934767794},
{5.62739,0.927578,1.570935130794},
{5.62709,0.928084,1.570935494794},
{5.6268,0.928591,1.570935857794},
{5.6265,0.929097,1.570936220794},
{5.6262,0.929603,1.570936583794},
{5.62591,0.930109,1.570936946794},
{5.62561,0.930615,1.570937310794},
{5.62532,0.931121,1.570937673794},
{5.62502,0.931627,1.570938036794},
{5.62472,0.932134,1.570938399794},
{5.62443,0.93264,1.570938762794},
{5.62413,0.933146,1.570939126794},
{5.62384,0.933652,1.570939489794},
{5.62354,0.934158,1.570939852794},
{5.62324,0.934664,1.570940215794},
{5.62295,0.93517,1.570940578794},
{5.62265,0.935677,1.570940942794},
{5.62236,0.936183,1.570941305794},
{5.62206,0.936689,1.570941668794},
{5.62176,0.937195,1.570942031794},
{5.62147,0.937701,1.570942395794},
{5.62117,0.938207,1.570942758794},
{5.62088,0.938713,1.570943121794},
{5.62058,0.93922,1.570943484794},
{5.62028,0.939726,1.570943847794},
{5.61999,0.940232,1.570944211794},
{5.61969,0.940738,1.570944574794},
{5.6194,0.941244,1.570944937794},
{5.6191,0.94175,1.570945300794},
{5.6188,0.942256,1.570945663794},
{5.61851,0.942763,1.570946027794},
{5.61734,0.944759,1.570947412794},
{5.61702,0.945312,1.570947749794},
{5.61669,0.945864,1.570948087794},
{5.61637,0.946416,1.570948425794},
{5.61605,0.946969,1.570948762794},
{5.61572,0.947521,1.570949100794},
{5.6154,0.948073,1.570949437794},
{5.61508,0.948626,1.570949775794},
{5.61475,0.949178,1.570950113794},
{5.61443,0.94973,1.570950450794},
{5.61411,0.950283,1.570950788794},
{5.61379,0.950835,1.570951125794},
{5.61346,0.951387,1.570951463794},
{5.61314,0.95194,1.570951801794},
{5.61282,0.952492,1.570952138794},
{5.61249,0.953044,1.570952476794},
{5.61217,0.953597,1.570952813794},
{5.61185,0.954149,1.570953151794},
{5.61152,0.954701,1.570953489794},
{5.6112,0.955254,1.570953826794},
{5.61088,0.955806,1.570954164794},
{5.61055,0.956358,1.570954501794},
{5.61023,0.956911,1.570954839794},
{5.60991,0.957463,1.570955177794},
{5.60958,0.958015,1.570955514794},
{5.60926,0.958568,1.570955852794},
{5.60894,0.95912,1.570956190794},
{5.60862,0.959672,1.570956527794},
{5.60829,0.960225,1.570956865794},
{5.60797,0.960777,1.570957202794},
{5.60765,0.961329,1.570957540794},
{5.60732,0.961882,1.570957878794},
{5.607,0.962434,1.570958215794},
{5.60668,0.962986,1.570958553794},
{5.60635,0.963539,1.570958890794},
{5.60603,0.964091,1.570959228794},
{5.60571,0.964643,1.570959566794},
{5.60538,0.965196,1.570959903794},
{5.60506,0.965748,1.570960241794},
{5.60474,0.9663,1.570960578794},
{5.60442,0.966853,1.570960916794},
{5.60409,0.967405,1.570961254794},
{5.60377,0.967957,1.570961591794},
{5.60345,0.96851,1.570961929794},
{5.60312,0.969062,1.570962266794},
{5.6028,0.969615,1.570962604794},
{5.60248,0.970167,1.570962942794},
{5.60215,0.970719,1.570963279794},
{5.60183,0.971272,1.570963617794},
{5.60151,0.971824,1.570963955794},
{5.60118,0.972376,1.570964292794},
{5.60086,0.972929,1.570964630794},
{5.60054,0.973481,1.570964967794},
{5.60022,0.974033,1.570965305794},
{5.59989,0.974586,1.570965643794},
{5.59957,0.975138,1.570965980794},
{5.59925,0.97569,1.570966318794},
{5.59892,0.976243,1.570966655794},
{5.5986,0.976795,1.570966993794},
{5.5974,0.97884,1.570968184794},
{5.59705,0.979436,1.570968480794},
{5.59671,0.980032,1.570968777794},
{5.59636,0.980628,1.570969073794},
{5.59601,0.981224,1.570969370794},
{5.59566,0.98182,1.570969667794},
{5.59531,0.982416,1.570969963794},
{5.59496,0.983012,1.570970260794},
{5.59461,0.983608,1.570970557794},
{5.59427,0.984204,1.570970853794},
{5.59392,0.984799,1.570971150794},
{5.59357,0.985395,1.570971447794},
{5.59322,0.985991,1.570971743794},
{5.59287,0.986587,1.570972040794},
{5.59252,0.987183,1.570972336794},
{5.59217,0.987779,1.570972633794},
{5.59183,0.988375,1.570972930794},
{5.59148,0.988971,1.570973226794},
{5.59113,0.989567,1.570973523794},
{5.59078,0.990163,1.570973820794},
{5.59043,0.990759,1.570974116794},
{5.59008,0.991355,1.570974413794},
{5.58973,0.991951,1.570974709794},
{5.58939,0.992547,1.570975006794},
{5.58904,0.993143,1.570975303794},
{5.58869,0.993738,1.570975599794},
{5.58834,0.994334,1.570975896794},
{5.58799,0.99493,1.570976193794},
{5.58764,0.995526,1.570976489794},
{5.58729,0.996122,1.570976786794},
{5.58695,0.996718,1.570977082794},
{5.5866,0.997314,1.570977379794},
{5.58625,0.99791,1.570977676794},
{5.5859,0.998506,1.570977972794},
{5.58555,0.999102,1.570978269794},
{5.5852,0.999698,1.570978566794},
{5.58485,1.00029,1.570978862794},
{5.5845,1.00089,1.570979159794},
{5.58416,1.00149,1.570979456794},
{5.58381,1.00208,1.570979752794},
{5.58346,1.00268,1.570980049794},
{5.58311,1.00327,1.570980345794},
{5.58276,1.00387,1.570980642794},
{5.58241,1.00447,1.570980939794},
{5.58206,1.00506,1.570981235794},
{5.58172,1.00566,1.570981532794},
{5.58137,1.00625,1.570981829794},
{5.58102,1.00685,1.570982125794},
{5.58067,1.00744,1.570982422794},
{5.58032,1.00804,1.570982718794},
{5.57997,1.00864,1.570983015794},
{5.57962,1.00923,1.570983312794},
{5.57928,1.00983,1.570983608794},
{5.57893,1.01042,1.570983905794},
{5.57858,1.01102,1.570984202794},
{5.57823,1.01162,1.570984498794},
{5.57788,1.01221,1.570984795794},
{5.57753,1.01281,1.570985091794},
{5.57718,1.0134,1.570985388794},
{5.57684,1.014,1.570985685794},
{5.57649,1.0146,1.570985981794},
{5.5753,1.01663,1.570986972794},
{5.57493,1.01726,1.570987227794},
{5.57455,1.0179,1.570987482794},
{5.57418,1.01853,1.570987737794},
{5.57381,1.01917,1.570987992794},
{5.57344,1.01981,1.570988247794},
{5.57307,1.02044,1.570988502794},
{5.57269,1.02108,1.570988757794},
{5.57232,1.02172,1.570989011794},
{5.57195,1.02235,1.570989266794},
{5.57158,1.02299,1.570989521794},
{5.57121,1.02362,1.570989776794},
{5.57083,1.02426,1.570990031794},
{5.57046,1.0249,1.570990286794},
{5.57009,1.02553,1.570990541794},
{5.56972,1.02617,1.570990796794},
{5.56934,1.02681,1.570991050794},
{5.56897,1.02744,1.570991305794},
{5.5686,1.02808,1.570991560794},
{5.56823,1.02871,1.570991815794},
{5.56786,1.02935,1.570992070794},
{5.56748,1.02999,1.570992325794},
{5.56711,1.03062,1.570992580794},
{5.56674,1.03126,1.570992834794},
{5.56637,1.0319,1.570993089794},
{5.56599,1.03253,1.570993344794},
{5.56562,1.03317,1.570993599794},
{5.56525,1.0338,1.570993854794},
{5.56488,1.03444,1.570994109794},
{5.56451,1.03508,1.570994364794},
{5.56413,1.03571,1.570994619794},
{5.56376,1.03635,1.570994873794},
{5.56339,1.03699,1.570995128794},
{5.56302,1.03762,1.570995383794},
{5.56264,1.03826,1.570995638794},
{5.56227,1.03889,1.570995893794},
{5.5619,1.03953,1.570996148794},
{5.56153,1.04017,1.570996403794},
{5.56116,1.0408,1.570996658794},
{5.56078,1.04144,1.570996912794},
{5.56041,1.04207,1.570997167794},
{5.56004,1.04271,1.570997422794},
{5.55967,1.04335,1.570997677794},
{5.5593,1.04398,1.570997932794},
{5.55892,1.04462,1.570998187794},
{5.55855,1.04526,1.570998442794},
{5.55818,1.04589,1.570998697794},
{5.55781,1.04653,1.570998951794},
{5.55743,1.04716,1.570999206794},
{5.55706,1.0478,1.570999461794},
{5.55669,1.04844,1.570999716794},
{5.55632,1.04907,1.570999971794},
{5.55595,1.04971,1.571000226794},
{5.55557,1.05035,1.571000481794},
{5.5552,1.05098,1.571000736794},
{5.55483,1.05162,1.571000990794},
{5.55446,1.05225,1.571001245794},
{5.55408,1.05289,1.571001500794},
{5.55371,1.05353,1.571001755794},
{5.55334,1.05416,1.571002010794},
{5.55297,1.0548,1.571002265794},
{5.5526,1.05544,1.571002520794},
{5.55222,1.05607,1.571002774794},
{5.55185,1.05671,1.571003029794},
{5.55068,1.05871,1.571003809794},
{5.55029,1.05938,1.571004018794},
{5.54989,1.06006,1.571004226794},
{5.5495,1.06073,1.571004434794},
{5.54911,1.0614,1.571004642794},
{5.54871,1.06207,1.571004850794},
{5.54832,1.06275,1.571005058794},
{5.54793,1.06342,1.571005266794},
{5.54753,1.06409,1.571005474794},
{5.54714,1.06476,1.571005683794},
{5.54675,1.06544,1.571005891794},
{5.54635,1.06611,1.571006099794},
{5.54596,1.06678,1.571006307794},
{5.54556,1.06745,1.571006515794},
{5.54517,1.06813,1.571006723794},
{5.54478,1.0688,1.571006931794},
{5.54438,1.06947,1.571007139794},
{5.54399,1.07014,1.571007347794},
{5.5436,1.07082,1.571007556794},
{5.5432,1.07149,1.571007764794},
{5.54281,1.07216,1.571007972794},
{5.54242,1.07283,1.571008180794},
{5.54202,1.07351,1.571008388794},
{5.54163,1.07418,1.571008596794},
{5.54124,1.07485,1.571008804794},
{5.54084,1.07552,1.571009012794},
{5.54045,1.0762,1.571009220794},
{5.54006,1.07687,1.571009429794},
{5.53966,1.07754,1.571009637794},
{5.53927,1.07821,1.571009845794},
{5.53888,1.07889,1.571010053794},
{5.53848,1.07956,1.571010261794},
{5.53809,1.08023,1.571010469794},
{5.5377,1.0809,1.571010677794},
{5.5373,1.08158,1.571010885794},
{5.53691,1.08225,1.571011094794},
{5.53652,1.08292,1.571011302794},
{5.53612,1.08359,1.571011510794},
{5.53573,1.08427,1.571011718794},
{5.53534,1.08494,1.571011926794},
{5.53494,1.08561,1.571012134794},
{5.53455,1.08628,1.571012342794},
{5.53415,1.08696,1.571012550794},
{5.53376,1.08763,1.571012758794},
{5.53337,1.0883,1.571012967794},
{5.53297,1.08897,1.571013175794},
{5.53258,1.08965,1.571013383794},
{5.53219,1.09032,1.571013591794},
{5.53179,1.09099,1.571013799794},
{5.5314,1.09167,1.571014007794},
{5.53101,1.09234,1.571014215794},
{5.53061,1.09301,1.571014423794},
{5.53022,1.09368,1.571014631794},
{5.52983,1.09436,1.571014840794},
{5.52943,1.09503,1.571015048794},
{5.52904,1.0957,1.571015256794},
{5.52865,1.09637,1.571015464794},
{5.52825,1.09705,1.571015672794},
{5.52786,1.09772,1.571015880794},
{5.52747,1.09839,1.571016088794},
{5.52707,1.09906,1.571016296794},
{5.52668,1.09974,1.571016505794},
{5.52629,1.10041,1.571016713794},
{5.52589,1.10108,1.571016921794},
{5.5255,1.10175,1.571017129794},
{5.52511,1.10243,1.571017337794},
{5.52397,1.10436,1.571017920794},
{5.52356,1.10506,1.571018085794},
{5.52315,1.10577,1.571018249794},
{5.52274,1.10647,1.571018414794},
{5.52233,1.10718,1.571018579794},
{5.52191,1.10788,1.571018743794},
{5.5215,1.10859,1.571018908794},
{5.52109,1.10929,1.571019073794},
{5.52068,1.10999,1.571019237794},
{5.52027,1.1107,1.571019402794},
{5.51985,1.1114,1.571019566794},
{5.51944,1.11211,1.571019731794},
{5.51903,1.11281,1.571019896794},
{5.51862,1.11352,1.571020060794},
{5.51821,1.11422,1.571020225794},
{5.51779,1.11492,1.571020390794},
{5.51738,1.11563,1.571020554794},
{5.51697,1.11633,1.571020719794},
{5.51656,1.11704,1.571020883794},
{5.51615,1.11774,1.571021048794},
{5.51573,1.11845,1.571021213794},
{5.51532,1.11915,1.571021377794},
{5.51491,1.11985,1.571021542794},
{5.5145,1.12056,1.571021707794},
{5.51409,1.12126,1.571021871794},
{5.51367,1.12197,1.571022036794},
{5.51326,1.12267,1.571022201794},
{5.51285,1.12338,1.571022365794},
{5.51244,1.12408,1.571022530794},
{5.51203,1.12478,1.571022694794},
{5.51161,1.12549,1.571022859794},
{5.5112,1.12619,1.571023024794},
{5.51079,1.1269,1.571023188794},
{5.51038,1.1276,1.571023353794},
{5.50996,1.12831,1.571023518794},
{5.50955,1.12901,1.571023682794},
{5.50914,1.12971,1.571023847794},
{5.50873,1.13042,1.571024012794},
{5.50832,1.13112,1.571024176794},
{5.5079,1.13183,1.571024341794},
{5.50749,1.13253,1.571024505794},
{5.50708,1.13324,1.571024670794},
{5.50667,1.13394,1.571024835794},
{5.50626,1.13464,1.571024999794},
{5.50584,1.13535,1.571025164794},
{5.50543,1.13605,1.571025329794},
{5.50502,1.13676,1.571025493794},
{5.50461,1.13746,1.571025658794},
{5.5042,1.13817,1.571025823794},
{5.50378,1.13887,1.571025987794},
{5.50337,1.13957,1.571026152794},
{5.50296,1.14028,1.571026316794},
{5.50255,1.14098,1.571026481794},
{5.50214,1.14169,1.571026646794},
{5.50172,1.14239,1.571026810794},
{5.50131,1.1431,1.571026975794},
{5.5009,1.1438,1.571027140794},
{5.50049,1.1445,1.571027304794},
{5.50008,1.14521,1.571027469794},
{5.49966,1.14591,1.571027633794},
{5.49925,1.14662,1.571027798794},
{5.49884,1.14732,1.571027963794},
{5.49843,1.14803,1.571028127794},
{5.49802,1.14873,1.571028292794},
{5.4976,1.14943,1.571028457794},
{5.49719,1.15014,1.571028621794},
{5.49678,1.15084,1.571028786794},
{5.49637,1.15155,1.571028951794},
{5.4953,1.15338,1.571029363794},
{5.49487,1.15411,1.571029487794},
{5.49444,1.15484,1.571029611794},
{5.49401,1.15557,1.571029736794},
{5.49359,1.1563,1.571029860794},
{5.49316,1.15704,1.571029984794},
{5.49273,1.15777,1.571030108794},
{5.4923,1.1585,1.571030233794},
{5.49187,1.15923,1.571030357794},
{5.49145,1.15996,1.571030481794},
{5.49102,1.16069,1.571030606794},
{5.49059,1.16142,1.571030730794},
{5.49016,1.16215,1.571030854794},
{5.48974,1.16288,1.571030979794},
{5.48931,1.16361,1.571031103794},
{5.48888,1.16435,1.571031227794},
{5.48845,1.16508,1.571031352794},
{5.48803,1.16581,1.571031476794},
{5.4876,1.16654,1.571031600794},
{5.48717,1.16727,1.571031724794},
{5.48674,1.168,1.571031849794},
{5.48631,1.16873,1.571031973794},
{5.48589,1.16946,1.571032097794},
{5.48546,1.17019,1.571032222794},
{5.48503,1.17092,1.571032346794},
{5.4846,1.17166,1.571032470794},
{5.48418,1.17239,1.571032595794},
{5.48375,1.17312,1.571032719794},
{5.48332,1.17385,1.571032843794},
{5.48289,1.17458,1.571032968794},
{5.48247,1.17531,1.571033092794},
{5.48204,1.17604,1.571033216794},
{5.48161,1.17677,1.571033341794},
{5.48118,1.1775,1.571033465794},
{5.48075,1.17823,1.571033589794},
{5.48033,1.17897,1.571033713794},
{5.4799,1.1797,1.571033838794},
{5.47947,1.18043,1.571033962794},
{5.47904,1.18116,1.571034086794},
{5.47862,1.18189,1.571034211794},
{5.47819,1.18262,1.571034335794},
{5.47776,1.18335,1.571034459794},
{5.47733,1.18408,1.571034584794},
{5.47691,1.18481,1.571034708794},
{5.47648,1.18554,1.571034832794},
{5.47605,1.18628,1.571034957794},
{5.47562,1.18701,1.571035081794},
{5.47519,1.18774,1.571035205794},
{5.47477,1.18847,1.571035329794},
{5.47434,1.1892,1.571035454794},
{5.47391,1.18993,1.571035578794},
{5.47348,1.19066,1.571035702794},
{5.47306,1.19139,1.571035827794},
{5.47263,1.19212,1.571035951794},
{5.4722,1.19285,1.571036075794},
{5.47177,1.19359,1.571036200794},
{5.47135,1.19432,1.571036324794},
{5.47092,1.19505,1.571036448794},
{5.47049,1.19578,1.571036573794},
{5.47006,1.19651,1.571036697794},
{5.46964,1.19724,1.571036821794},
{5.46921,1.19797,1.571036945794},
{5.46878,1.1987,1.571037070794},
{5.46835,1.19943,1.571037194794},
{5.46792,1.20017,1.571037318794},
{5.4675,1.2009,1.571037443794},
{5.46707,1.20163,1.571037567794},
{5.46664,1.20236,1.571037691794},
{5.46621,1.20309,1.571037816794},
{5.46579,1.20382,1.571037940794},
{5.46479,1.20553,1.571038199794},
{5.46435,1.20628,1.571038289794},
{5.46391,1.20703,1.571038379794},
{5.46347,1.20778,1.571038469794},
{5.46303,1.20853,1.571038559794},
{5.46259,1.20929,1.571038649794},
{5.46215,1.21004,1.571038739794},
{5.46171,1.21079,1.571038829794},
{5.46127,1.21154,1.571038919794},
{5.46083,1.2123,1.571039009794},
{5.46039,1.21305,1.571039099794},
{5.45995,1.2138,1.571039189794},
{5.45951,1.21455,1.571039279794},
{5.45907,1.2153,1.571039369794},
{5.45863,1.21606,1.571039459794},
{5.45819,1.21681,1.571039549794},
{5.45775,1.21756,1.571039639794},
{5.45731,1.21831,1.571039729794},
{5.45687,1.21907,1.571039819794},
{5.45643,1.21982,1.571039909794},
{5.45599,1.22057,1.571039999794},
{5.45555,1.22132,1.571040089794},
{5.45511,1.22207,1.571040179794},
{5.45467,1.22283,1.571040269794},
{5.45423,1.22358,1.571040359794},
{5.45379,1.22433,1.571040449794},
{5.45335,1.22508,1.571040539794},
{5.45291,1.22584,1.571040629794},
{5.45247,1.22659,1.571040719794},
{5.45203,1.22734,1.571040809794},
{5.45159,1.22809,1.571040899794},
{5.45115,1.22885,1.571040989794},
{5.4507,1.2296,1.571041079794},
{5.45026,1.23035,1.571041169794},
{5.44982,1.2311,1.571041259794},
{5.44938,1.23185,1.571041349794},
{5.44894,1.23261,1.571041439794},
{5.4485,1.23336,1.571041529794},
{5.44806,1.23411,1.571041619794},
{5.44762,1.23486,1.571041709794},
{5.44718,1.23562,1.571041799794},
{5.44674,1.23637,1.571041889794},
{5.4463,1.23712,1.571041980794},
{5.44586,1.23787,1.571042070794},
{5.44542,1.23862,1.571042160794},
{5.44498,1.23938,1.571042250794},
{5.44454,1.24013,1.571042340794},
{5.4441,1.24088,1.571042430794},
{5.44366,1.24163,1.571042520794},
{5.44322,1.24239,1.571042610794},
{5.44278,1.24314,1.571042700794},
{5.44234,1.24389,1.571042790794},
{5.4419,1.24464,1.571042880794},
{5.44146,1.2454,1.571042970794},
{5.44102,1.24615,1.571043060794},
{5.44058,1.2469,1.571043150794},
{5.44014,1.24765,1.571043240794},
{5.4397,1.2484,1.571043330794},
{5.43926,1.24916,1.571043420794},
{5.43882,1.24991,1.571043510794},
{5.43838,1.25066,1.571043600794},
{5.43794,1.25141,1.571043690794},
{5.4375,1.25217,1.571043780794},
{5.43706,1.25292,1.571043870794},
{5.43662,1.25367,1.571043960794},
{5.43618,1.25442,1.571044050794},
{5.43574,1.25517,1.571044140794},
{5.4353,1.25593,1.571044230794},
{5.43486,1.25668,1.571044320794},
{5.43442,1.25743,1.571044410794},
{5.43398,1.25818,1.571044500794},
{5.43308,1.25972,1.571044656794},
{5.43263,1.26049,1.571044720794},
{5.43218,1.26126,1.571044783794},
{5.43173,1.26202,1.571044847794},
{5.43128,1.26279,1.571044911794},
{5.43084,1.26356,1.571044974794},
{5.43039,1.26433,1.571045038794},
{5.42994,1.26509,1.571045102794},
{5.42949,1.26586,1.571045165794},
{5.42904,1.26663,1.571045229794},
{5.42859,1.2674,1.571045293794},
{5.42814,1.26817,1.571045356794},
{5.42769,1.26893,1.571045420794},
{5.42724,1.2697,1.571045483794},
{5.42679,1.27047,1.571045547794},
{5.42634,1.27124,1.571045611794},
{5.4259,1.272,1.571045674794},
{5.42545,1.27277,1.571045738794},
{5.425,1.27354,1.571045802794},
{5.42455,1.27431,1.571045865794},
{5.4241,1.27507,1.571045929794},
{5.42365,1.27584,1.571045992794},
{5.4232,1.27661,1.571046056794},
{5.42275,1.27738,1.571046120794},
{5.4223,1.27815,1.571046183794},
{5.42185,1.27891,1.571046247794},
{5.4214,1.27968,1.571046311794},
{5.42095,1.28045,1.571046374794},
{5.42051,1.28122,1.571046438794},
{5.42006,1.28198,1.571046502794},
{5.41961,1.28275,1.571046565794},
{5.41916,1.28352,1.571046629794},
{5.41871,1.28429,1.571046692794},
{5.41826,1.28506,1.571046756794},
{5.41781,1.28582,1.571046820794},
{5.41736,1.28659,1.571046883794},
{5.41691,1.28736,1.571046947794},
{5.41646,1.28813,1.571047011794},
{5.41601,1.28889,1.571047074794},
{5.41556,1.28966,1.571047138794},
{5.41512,1.29043,1.571047201794},
{5.41467,1.2912,1.571047265794},
{5.41422,1.29196,1.571047329794},
{5.41377,1.29273,1.571047392794},
{5.41332,1.2935,1.571047456794},
{5.41287,1.29427,1.571047520794},
{5.41242,1.29504,1.571047583794},
{5.41197,1.2958,1.571047647794},
{5.41152,1.29657,1.571047711794},
{5.41107,1.29734,1.571047774794},
{5.41062,1.29811,1.571047838794},
{5.41017,1.29887,1.571047901794},
{5.40973,1.29964,1.571047965794},
{5.40928,1.30041,1.571048029794},
{5.40883,1.30118,1.571048092794},
{5.40838,1.30194,1.571048156794},
{5.40793,1.30271,1.571048220794},
{5.40748,1.30348,1.571048283794},
{5.40703,1.30425,1.571048347794},
{5.40658,1.30502,1.571048411794},
{5.40613,1.30578,1.571048474794},
{5.40568,1.30655,1.571048538794},
{5.40523,1.30732,1.571048601794},
{5.40479,1.30809,1.571048665794},
{5.40434,1.30885,1.571048729794},
{5.40389,1.30962,1.571048792794},
{5.40344,1.31039,1.571048856794},
{5.40299,1.31116,1.571048920794},
{5.40254,1.31192,1.571048983794},
{5.40209,1.31269,1.571049047794},
{5.40164,1.31346,1.571049110794},
{5.40086,1.31479,1.571049218794},
{5.40041,1.31557,1.571049259794},
{5.39995,1.31635,1.571049300794},
{5.3995,1.31712,1.571049340794},
{5.39904,1.3179,1.571049381794},
{5.39859,1.31868,1.571049422794},
{5.39813,1.31945,1.571049463794},
{5.39768,1.32023,1.571049504794},
{5.39722,1.32101,1.571049545794},
{5.39677,1.32179,1.571049585794},
{5.39632,1.32256,1.571049626794},
{5.39586,1.32334,1.571049667794},
{5.39541,1.32412,1.571049708794},
{5.39495,1.32489,1.571049749794},
{5.3945,1.32567,1.571049790794},
{5.39404,1.32645,1.571049830794},
{5.39359,1.32723,1.571049871794},
{5.39313,1.328,1.571049912794},
{5.39268,1.32878,1.571049953794},
{5.39222,1.32956,1.571049994794},
{5.39177,1.33033,1.571050035794},
{5.39131,1.33111,1.571050075794},
{5.39086,1.33189,1.571050116794},
{5.39041,1.33267,1.571050157794},
{5.38995,1.33344,1.571050198794},
{5.3895,1.33422,1.571050239794},
{5.38904,1.335,1.571050280794},
{5.38859,1.33577,1.571050320794},
{5.38813,1.33655,1.571050361794},
{5.38768,1.33733,1.571050402794},
{5.38722,1.3381,1.571050443794},
{5.38677,1.33888,1.571050484794},
{5.38631,1.33966,1.571050525794},
{5.38586,1.34044,1.571050565794},
{5.3854,1.34121,1.571050606794},
{5.38495,1.34199,1.571050647794},
{5.38449,1.34277,1.571050688794},
{5.38404,1.34354,1.571050729794},
{5.38359,1.34432,1.571050770794},
{5.38313,1.3451,1.571050810794},
{5.38268,1.34588,1.571050851794},
{5.38222,1.34665,1.571050892794},
{5.38177,1.34743,1.571050933794},
{5.38131,1.34821,1.571050974794},
{5.38086,1.34898,1.571051015794},
{5.3804,1.34976,1.571051055794},
{5.37995,1.35054,1.571051096794},
{5.37949,1.35131,1.571051137794},
{5.37904,1.35209,1.571051178794},
{5.37858,1.35287,1.571051219794},
{5.37813,1.35365,1.571051259794},
{5.37768,1.35442,1.571051300794},
{5.37722,1.3552,1.571051341794},
{5.37677,1.35598,1.571051382794},
{5.37631,1.35675,1.571051423794},
{5.37586,1.35753,1.571051464794},
{5.3754,1.35831,1.571051504794},
{5.37495,1.35909,1.571051545794},
{5.37449,1.35986,1.571051586794},
{5.37404,1.36064,1.571051627794},
{5.37358,1.36142,1.571051668794},
{5.37313,1.36219,1.571051709794},
{5.37267,1.36297,1.571051749794},
{5.37222,1.36375,1.571051790794},
{5.37177,1.36452,1.571051831794},
{5.37131,1.3653,1.571051872794},
{5.37086,1.36608,1.571051913794},
{5.3704,1.36686,1.571051954794},
{5.36995,1.36763,1.571051994794},
{5.36949,1.36841,1.571052035794},
{5.36904,1.36919,1.571052076794},
{5.36858,1.36996,1.571052117794},
{5.36813,1.37074,1.571052158794},
{5.36747,1.37186,1.571052209794},
{5.36702,1.37264,1.571052234794},
{5.36656,1.37342,1.571052260794},
{5.3661,1.3742,1.571052285794},
{5.36565,1.37498,1.571052311794},
{5.36519,1.37576,1.571052336794},
{5.36473,1.37654,1.571052362794},
{5.36428,1.37732,1.571052388794},
{5.36382,1.3781,1.571052413794},
{5.36336,1.37889,1.571052439794},
{5.36291,1.37967,1.571052464794},
{5.36245,1.38045,1.571052490794},
{5.36199,1.38123,1.571052515794},
{5.36154,1.38201,1.571052541794},
{5.36108,1.38279,1.571052567794},
{5.36062,1.38357,1.571052592794},
{5.36017,1.38435,1.571052618794},
{5.35971,1.38513,1.571052643794},
{5.35926,1.38591,1.571052669794},
{5.3588,1.38669,1.571052694794},
{5.35834,1.38747,1.571052720794},
{5.35789,1.38825,1.571052746794},
{5.35743,1.38903,1.571052771794},
{5.35697,1.38981,1.571052797794},
{5.35652,1.39059,1.571052822794},
{5.35606,1.39137,1.571052848794},
{5.3556,1.39215,1.571052873794},
{5.35515,1.39293,1.571052899794},
{5.35469,1.39371,1.571052925794},
{5.35423,1.39449,1.571052950794},
{5.35378,1.39527,1.571052976794},
{5.35332,1.39605,1.571053001794},
{5.35286,1.39683,1.571053027794},
{5.35241,1.39761,1.571053052794},
{5.35195,1.39839,1.571053078794},
{5.3515,1.39917,1.571053104794},
{5.35104,1.39995,1.571053129794},
{5.35058,1.40073,1.571053155794},
{5.35013,1.40151,1.571053180794},
{5.34967,1.40229,1.571053206794},
{5.34921,1.40307,1.571053231794},
{5.34876,1.40385,1.571053257794},
{5.3483,1.40463,1.571053283794},
{5.34784,1.40541,1.571053308794},
{5.34739,1.40619,1.571053334794},
{5.34693,1.40697,1.571053359794},
{5.34647,1.40775,1.571053385794},
{5.34602,1.40853,1.571053410794},
{5.34556,1.40931,1.571053436794},
{5.3451,1.41009,1.571053462794},
{5.34465,1.41087,1.571053487794},
{5.34419,1.41165,1.571053513794},
{5.34374,1.41243,1.571053538794},
{5.34328,1.41321,1.571053564794},
{5.34282,1.41399,1.571053589794},
{5.34237,1.41477,1.571053615794},
{5.34191,1.41555,1.571053641794},
{5.34145,1.41634,1.571053666794},
{5.341,1.41712,1.571053692794},
{5.34054,1.4179,1.571053717794},
{5.34008,1.41868,1.571053743794},
{5.33963,1.41946,1.571053768794},
{5.33917,1.42024,1.571053794794},
{5.33871,1.42102,1.571053820794},
{5.33826,1.4218,1.571053845794},
{5.3378,1.42258,1.571053871794},
{5.33734,1.42336,1.571053896794},
{5.33689,1.42414,1.571053922794},
{5.33643,1.42492,1.571053947794},
{5.33598,1.4257,1.571053973794},
{5.33552,1.42648,1.571053999794},
{5.33506,1.42726,1.571054024794},
{5.33461,1.42804,1.571054050794},
{5.33408,1.42893,1.571054070794},
{5.33363,1.42971,1.571054076794},
{5.33317,1.43049,1.571054083794},
{5.33272,1.43126,1.571054090794},
{5.33226,1.43204,1.571054097794},
{5.33181,1.43282,1.571054103794},
{5.33136,1.43359,1.571054110794},
{5.3309,1.43437,1.571054117794},
{5.33045,1.43515,1.571054124794},
{5.32999,1.43593,1.571054130794},
{5.32954,1.4367,1.571054137794},
{5.32908,1.43748,1.571054144794},
{5.32863,1.43826,1.571054150794},
{5.32817,1.43903,1.571054157794},
{5.32772,1.43981,1.571054164794},
{5.32726,1.44059,1.571054171794},
{5.32681,1.44137,1.571054177794},
{5.32635,1.44214,1.571054184794},
{5.3259,1.44292,1.571054191794},
{5.32544,1.4437,1.571054198794},
{5.32499,1.44447,1.571054204794},
{5.32454,1.44525,1.571054211794},
{5.32408,1.44603,1.571054218794},
{5.32363,1.4468,1.571054225794},
{5.32317,1.44758,1.571054231794},
{5.32272,1.44836,1.571054238794},
{5.32226,1.44914,1.571054245794},
{5.32181,1.44991,1.571054252794},
{5.32135,1.45069,1.571054258794},
{5.3209,1.45147,1.571054265794},
{5.32044,1.45224,1.571054272794},
{5.31999,1.45302,1.571054278794},
{5.31953,1.4538,1.571054285794},
{5.31908,1.45458,1.571054292794},
{5.31863,1.45535,1.571054299794},
{5.31817,1.45613,1.571054305794},
{5.31772,1.45691,1.571054312794},
{5.31726,1.45768,1.571054319794},
{5.31681,1.45846,1.571054326794},
{5.31635,1.45924,1.571054332794},
{5.3159,1.46002,1.571054339794},
{5.31544,1.46079,1.571054346794},
{5.31499,1.46157,1.571054353794},
{5.31453,1.46235,1.571054359794},
{5.31408,1.46312,1.571054366794},
{5.31362,1.4639,1.571054373794},
{5.31317,1.46468,1.571054379794},
{5.31271,1.46545,1.571054386794},
{5.31226,1.46623,1.571054393794},
{5.31181,1.46701,1.571054400794},
{5.31135,1.46779,1.571054406794},
{5.3109,1.46856,1.571054413794},
{5.31044,1.46934,1.571054420794},
{5.30999,1.47012,1.571054427794},
{5.30953,1.47089,1.571054433794},
{5.30908,1.47167,1.571054440794},
{5.30862,1.47245,1.571054447794},
{5.30817,1.47323,1.571054454794},
{5.30771,1.474,1.571054460794},
{5.30726,1.47478,1.571054467794},
{5.3068,1.47556,1.571054474794},
{5.30635,1.47633,1.571054480794},
{5.3059,1.47711,1.571054487794},
{5.30544,1.47789,1.571054494794},
{5.30499,1.47867,1.571054501794},
{5.30453,1.47944,1.571054507794},
{5.30408,1.48022,1.571054514794},
{5.30362,1.481,1.571054521794},
{5.30317,1.48177,1.571054528794},
{5.30271,1.48255,1.571054534794},
{5.30226,1.48333,1.571054541794},
{5.3018,1.4841,1.571054548794},
{5.30135,1.48488,1.571054555794},
{5.30096,1.48554,1.571054555794},
{5.30051,1.48631,1.571054547794},
{5.30006,1.48708,1.571054539794},
{5.29962,1.48784,1.571054530794},
{5.29917,1.48861,1.571054522794},
{5.29872,1.48938,1.571054513794},
{5.29827,1.49015,1.571054505794},
{5.29782,1.49092,1.571054496794},
{5.29737,1.49168,1.571054488794},
{5.29692,1.49245,1.571054479794},
{5.29647,1.49322,1.571054471794},
{5.29602,1.49399,1.571054462794},
{5.29557,1.49475,1.571054454794},
{5.29512,1.49552,1.571054445794},
{5.29467,1.49629,1.571054437794},
{5.29423,1.49706,1.571054428794},
{5.29378,1.49782,1.571054420794},
{5.29333,1.49859,1.571054411794},
{5.29288,1.49936,1.571054403794},
{5.29243,1.50013,1.571054394794},
{5.29198,1.5009,1.571054386794},
{5.29153,1.50166,1.571054377794},
{5.29108,1.50243,1.571054369794},
{5.29063,1.5032,1.571054360794},
{5.29018,1.50397,1.571054352794},
{5.28973,1.50473,1.571054343794},
{5.28928,1.5055,1.571054335794},
{5.28884,1.50627,1.571054326794},
{5.28839,1.50704,1.571054318794},
{5.28794,1.50781,1.571054310794},
{5.28749,1.50857,1.571054301794},
{5.28704,1.50934,1.571054293794},
{5.28659,1.51011,1.571054284794},
{5.28614,1.51088,1.571054276794},
{5.28569,1.51164,1.571054267794},
{5.28524,1.51241,1.571054259794},
{5.28479,1.51318,1.571054250794},
{5.28434,1.51395,1.571054242794},
{5.28389,1.51471,1.571054233794},
{5.28345,1.51548,1.571054225794},
{5.283,1.51625,1.571054216794},
{5.28255,1.51702,1.571054208794},
{5.2821,1.51779,1.571054199794},
{5.28165,1.51855,1.571054191794},
{5.2812,1.51932,1.571054182794},
{5.28075,1.52009,1.571054174794},
{5.2803,1.52086,1.571054165794},
{5.27985,1.52162,1.571054157794},
{5.2794,1.52239,1.571054148794},
{5.27895,1.52316,1.571054140794},
{5.2785,1.52393,1.571054131794},
{5.27806,1.5247,1.571054123794},
{5.27761,1.52546,1.571054114794},
{5.27716,1.52623,1.571054106794},
{5.27671,1.527,1.571054097794},
{5.27626,1.52777,1.571054089794},
{5.27581,1.52853,1.571054081794},
{5.27536,1.5293,1.571054072794},
{5.27491,1.53007,1.571054064794},
{5.27446,1.53084,1.571054055794},
{5.27401,1.5316,1.571054047794},
{5.27356,1.53237,1.571054038794},
{5.27311,1.53314,1.571054030794},
{5.27267,1.53391,1.571054021794},
{5.27222,1.53468,1.571054013794},
{5.27177,1.53544,1.571054004794},
{5.27132,1.53621,1.571053996794},
{5.27087,1.53698,1.571053987794},
{5.27042,1.53775,1.571053979794},
{5.26997,1.53851,1.571053970794},
{5.26952,1.53928,1.571053962794},
{5.26907,1.54005,1.571053953794},
{5.26862,1.54082,1.571053945794},
{5.26837,1.54124,1.571053932794},
{5.26793,1.54199,1.571053896794},
{5.26749,1.54275,1.571053860794},
{5.26705,1.5435,1.571053824794},
{5.26661,1.54425,1.571053788794},
{5.26617,1.545,1.571053752794},
{5.26573,1.54576,1.571053716794},
{5.26529,1.54651,1.571053680794},
{5.26485,1.54726,1.571053644794},
{5.26441,1.54801,1.571053608794},
{5.26397,1.54876,1.571053572794},
{5.26353,1.54952,1.571053535794},
{5.26309,1.55027,1.571053499794},
{5.26265,1.55102,1.571053463794},
{5.26221,1.55177,1.571053427794},
{5.26177,1.55253,1.571053391794},
{5.26133,1.55328,1.571053355794},
{5.26089,1.55403,1.571053319794},
{5.26045,1.55478,1.571053283794},
{5.26001,1.55554,1.571053247794},
{5.25957,1.55629,1.571053211794},
{5.25913,1.55704,1.571053175794},
{5.25869,1.55779,1.571053139794},
{5.25825,1.55854,1.571053102794},
{5.25781,1.5593,1.571053066794},
{5.25737,1.56005,1.571053030794},
{5.25693,1.5608,1.571052994794},
{5.25649,1.56155,1.571052958794},
{5.25605,1.56231,1.571052922794},
{5.25561,1.56306,1.571052886794},
{5.25517,1.56381,1.571052850794},
{5.25473,1.56456,1.571052814794},
{5.25429,1.56532,1.571052778794},
{5.25385,1.56607,1.571052742794},
{5.25341,1.56682,1.571052706794},
{5.25297,1.56757,1.571052670794},
{5.25253,1.56832,1.571052633794},
{5.25209,1.56908,1.571052597794},
{5.25165,1.56983,1.571052561794},
{5.25121,1.57058,1.571052525794},
{5.25077,1.57133,1.571052489794},
{5.25033,1.57209,1.571052453794},
{5.24989,1.57284,1.571052417794},
{5.24945,1.57359,1.571052381794},
{5.24901,1.57434,1.571052345794},
{5.24857,1.57509,1.571052309794},
{5.24813,1.57585,1.571052273794},
{5.24769,1.5766,1.571052237794},
{5.24725,1.57735,1.571052201794},
{5.24681,1.5781,1.571052164794},
{5.24637,1.57886,1.571052128794},
{5.24593,1.57961,1.571052092794},
{5.24549,1.58036,1.571052056794},
{5.24505,1.58111,1.571052020794},
{5.24461,1.58187,1.571051984794},
{5.24417,1.58262,1.571051948794},
{5.24373,1.58337,1.571051912794},
{5.24329,1.58412,1.571051876794},
{5.24285,1.58487,1.571051840794},
{5.24241,1.58563,1.571051804794},
{5.24197,1.58638,1.571051768794},
{5.24153,1.58713,1.571051732794},
{5.24109,1.58788,1.571051695794},
{5.24065,1.58864,1.571051659794},
{5.24021,1.58939,1.571051623794},
{5.23977,1.59014,1.571051587794},
{5.23933,1.59089,1.571051551794},
{5.23889,1.59165,1.571051515794},
{5.23845,1.5924,1.571051479794},
{5.238,1.59315,1.571051443794},
{5.23756,1.5939,1.571051407794},
{5.23712,1.59465,1.571051371794},
{5.23668,1.59541,1.571051335794},
{5.23658,1.59559,1.571051307794},
{5.23615,1.59632,1.571051244794},
{5.23572,1.59705,1.571051182794},
{5.23529,1.59779,1.571051119794},
{5.23487,1.59852,1.571051056794},
{5.23444,1.59925,1.571050994794},
{5.23401,1.59998,1.571050931794},
{5.23358,1.60071,1.571050869794},
{5.23315,1.60144,1.571050806794},
{5.23273,1.60217,1.571050744794},
{5.2323,1.6029,1.571050681794},
{5.23187,1.60363,1.571050618794},
{5.23144,1.60436,1.571050556794},
{5.23102,1.6051,1.571050493794},
{5.23059,1.60583,1.571050431794},
{5.23016,1.60656,1.571050368794},
{5.22973,1.60729,1.571050305794},
{5.22931,1.60802,1.571050243794},
{5.22888,1.60875,1.571050180794},
{5.22845,1.60948,1.571050118794},
{5.22802,1.61021,1.571050055794},
{5.22759,1.61094,1.571049993794},
{5.22717,1.61167,1.571049930794},
{5.22674,1.61241,1.571049867794},
{5.22631,1.61314,1.571049805794},
{5.22588,1.61387,1.571049742794},
{5.22546,1.6146,1.571049680794},
{5.22503,1.61533,1.571049617794},
{5.2246,1.61606,1.571049555794},
{5.22417,1.61679,1.571049492794},
{5.22374,1.61752,1.571049429794},
{5.22332,1.61825,1.571049367794},
{5.22289,1.61899,1.571049304794},
{5.22246,1.61972,1.571049242794},
{5.22203,1.62045,1.571049179794},
{5.22161,1.62118,1.571049116794},
{5.22118,1.62191,1.571049054794},
{5.22075,1.62264,1.571048991794},
{5.22032,1.62337,1.571048929794},
{5.2199,1.6241,1.571048866794},
{5.21947,1.62483,1.571048804794},
{5.21904,1.62556,1.571048741794},
{5.21861,1.6263,1.571048678794},
{5.21818,1.62703,1.571048616794},
{5.21776,1.62776,1.571048553794},
{5.21733,1.62849,1.571048491794},
{5.2169,1.62922,1.571048428794},
{5.21647,1.62995,1.571048365794},
{5.21605,1.63068,1.571048303794},
{5.21562,1.63141,1.571048240794},
{5.21519,1.63214,1.571048178794},
{5.21476,1.63287,1.571048115794},
{5.21434,1.63361,1.571048053794},
{5.21391,1.63434,1.571047990794},
{5.21348,1.63507,1.571047927794},
{5.21305,1.6358,1.571047865794},
{5.21262,1.63653,1.571047802794},
{5.2122,1.63726,1.571047740794},
{5.21177,1.63799,1.571047677794},
{5.21134,1.63872,1.571047614794},
{5.21091,1.63945,1.571047552794},
{5.21049,1.64019,1.571047489794},
{5.21006,1.64092,1.571047427794},
{5.20963,1.64165,1.571047364794},
{5.2092,1.64238,1.571047302794},
{5.20878,1.64311,1.571047239794},
{5.20835,1.64384,1.571047176794},
{5.20792,1.64457,1.571047114794},
{5.20749,1.6453,1.571047051794},
{5.20706,1.64603,1.571046989794},
{5.20664,1.64676,1.571046926794},
{5.20621,1.6475,1.571046863794},
{5.20623,1.64746,1.571046828794},
{5.20582,1.64816,1.571046720794},
{5.20541,1.64887,1.571046613794},
{5.205,1.64957,1.571046505794},
{5.20458,1.65027,1.571046398794},
{5.20417,1.65098,1.571046290794},
{5.20376,1.65168,1.571046183794},
{5.20335,1.65239,1.571046075794},
{5.20294,1.65309,1.571045968794},
{5.20252,1.6538,1.571045860794},
{5.20211,1.6545,1.571045753794},
{5.2017,1.6552,1.571045645794},
{5.20129,1.65591,1.571045537794},
{5.20088,1.65661,1.571045430794},
{5.20046,1.65732,1.571045322794},
{5.20005,1.65802,1.571045215794},
{5.19964,1.65873,1.571045107794},
{5.19923,1.65943,1.571045000794},
{5.19882,1.66013,1.571044892794},
{5.1984,1.66084,1.571044785794},
{5.19799,1.66154,1.571044677794},
{5.19758,1.66225,1.571044570794},
{5.19717,1.66295,1.571044462794},
{5.19675,1.66366,1.571044355794},
{5.19634,1.66436,1.571044247794},
{5.19593,1.66506,1.571044140794},
{5.19552,1.66577,1.571044032794},
{5.19511,1.66647,1.571043925794},
{5.19469,1.66718,1.571043817794},
{5.19428,1.66788,1.571043710794},
{5.19387,1.66859,1.571043602794},
{5.19346,1.66929,1.571043495794},
{5.19305,1.66999,1.571043387794},
{5.19263,1.6707,1.571043280794},
{5.19222,1.6714,1.571043172794},
{5.19181,1.67211,1.571043065794},
{5.1914,1.67281,1.571042957794},
{5.19099,1.67352,1.571042850794},
{5.19057,1.67422,1.571042742794},
{5.19016,1.67492,1.571042635794},
{5.18975,1.67563,1.571042527794},
{5.18934,1.67633,1.571042420794},
{5.18893,1.67704,1.571042312794},
{5.18851,1.67774,1.571042205794},
{5.1881,1.67845,1.571042097794},
{5.18769,1.67915,1.571041990794},
{5.18728,1.67985,1.571041882794},
{5.18687,1.68056,1.571041775794},
{5.18645,1.68126,1.571041667794},
{5.18604,1.68197,1.571041560794},
{5.18563,1.68267,1.571041452794},
{5.18522,1.68338,1.571041344794},
{5.18481,1.68408,1.571041237794},
{5.18439,1.68478,1.571041129794},
{5.18398,1.68549,1.571041022794},
{5.18357,1.68619,1.571040914794},
{5.18316,1.6869,1.571040807794},
{5.18275,1.6876,1.571040699794},
{5.18233,1.68831,1.571040592794},
{5.18192,1.68901,1.571040484794},
{5.18151,1.68971,1.571040377794},
{5.1811,1.69042,1.571040269794},
{5.18068,1.69112,1.571040162794},
{5.18027,1.69183,1.571040054794},
{5.17986,1.69253,1.571039947794},
{5.17945,1.69324,1.571039839794},
{5.17904,1.69394,1.571039732794},
{5.17862,1.69465,1.571039624794},
{5.17821,1.69535,1.571039517794},
{5.1778,1.69605,1.571039409794},
{5.17739,1.69676,1.571039302794},
{5.17753,1.69651,1.571039292794},
{5.17714,1.69718,1.571039141794},
{5.17675,1.69785,1.571038989794},
{5.17635,1.69853,1.571038838794},
{5.17596,1.6992,1.571038687794},
{5.17557,1.69987,1.571038536794},
{5.17517,1.70054,1.571038385794},
{5.17478,1.70122,1.571038234794},
{5.17439,1.70189,1.571038083794},
{5.17399,1.70256,1.571037932794},
{5.1736,1.70323,1.571037781794},
{5.17321,1.70391,1.571037630794},
{5.17281,1.70458,1.571037479794},
{5.17242,1.70525,1.571037328794},
{5.17203,1.70592,1.571037177794},
{5.17163,1.7066,1.571037026794},
{5.17124,1.70727,1.571036875794},
{5.17084,1.70794,1.571036723794},
{5.17045,1.70861,1.571036572794},
{5.17006,1.70929,1.571036421794},
{5.16966,1.70996,1.571036270794},
{5.16927,1.71063,1.571036119794},
{5.16888,1.71131,1.571035968794},
{5.16848,1.71198,1.571035817794},
{5.16809,1.71265,1.571035666794},
{5.1677,1.71332,1.571035515794},
{5.1673,1.714,1.571035364794},
{5.16691,1.71467,1.571035213794},
{5.16652,1.71534,1.571035062794},
{5.16612,1.71601,1.571034911794},
{5.16573,1.71669,1.571034760794},
{5.16534,1.71736,1.571034608794},
{5.16494,1.71803,1.571034457794},
{5.16455,1.7187,1.571034306794},
{5.16416,1.71938,1.571034155794},
{5.16376,1.72005,1.571034004794},
{5.16337,1.72072,1.571033853794},
{5.16298,1.72139,1.571033702794},
{5.16258,1.72207,1.571033551794},
{5.16219,1.72274,1.571033400794},
{5.1618,1.72341,1.571033249794},
{5.1614,1.72408,1.571033098794},
{5.16101,1.72476,1.571032947794},
{5.16061,1.72543,1.571032796794},
{5.16022,1.7261,1.571032645794},
{5.15983,1.72677,1.571032494794},
{5.15943,1.72745,1.571032342794},
{5.15904,1.72812,1.571032191794},
{5.15865,1.72879,1.571032040794},
{5.15825,1.72946,1.571031889794},
{5.15786,1.73014,1.571031738794},
{5.15747,1.73081,1.571031587794},
{5.15707,1.73148,1.571031436794},
{5.15668,1.73215,1.571031285794},
{5.15629,1.73283,1.571031134794},
{5.15589,1.7335,1.571030983794},
{5.1555,1.73417,1.571030832794},
{5.15511,1.73484,1.571030681794},
{5.15471,1.73552,1.571030530794},
{5.15432,1.73619,1.571030379794},
{5.15393,1.73686,1.571030228794},
{5.15353,1.73753,1.571030076794},
{5.15314,1.73821,1.571029925794},
{5.15275,1.73888,1.571029774794},
{5.15235,1.73955,1.571029623794},
{5.15196,1.74022,1.571029472794},
{5.15157,1.7409,1.571029321794},
{5.15117,1.74157,1.571029170794},
{5.15078,1.74224,1.571029019794},
{5.15102,1.74183,1.571029080794},
{5.15065,1.74247,1.571028868794},
{5.15028,1.7431,1.571028656794},
{5.1499,1.74374,1.571028444794},
{5.14953,1.74437,1.571028232794},
{5.14916,1.74501,1.571028021794},
{5.14879,1.74565,1.571027809794},
{5.14841,1.74628,1.571027597794},
{5.14804,1.74692,1.571027385794},
{5.14767,1.74756,1.571027174794},
{5.1473,1.74819,1.571026962794},
{5.14693,1.74883,1.571026750794},
{5.14655,1.74946,1.571026538794},
{5.14618,1.7501,1.571026326794},
{5.14581,1.75074,1.571026115794},
{5.14544,1.75137,1.571025903794},
{5.14506,1.75201,1.571025691794},
{5.14469,1.75265,1.571025479794},
{5.14432,1.75328,1.571025268794},
{5.14395,1.75392,1.571025056794},
{5.14358,1.75455,1.571024844794},
{5.1432,1.75519,1.571024632794},
{5.14283,1.75583,1.571024420794},
{5.14246,1.75646,1.571024209794},
{5.14209,1.7571,1.571023997794},
{5.14171,1.75773,1.571023785794},
{5.14134,1.75837,1.571023573794},
{5.14097,1.75901,1.571023362794},
{5.1406,1.75964,1.571023150794},
{5.14023,1.76028,1.571022938794},
{5.13985,1.76092,1.571022726794},
{5.13948,1.76155,1.571022514794},
{5.13911,1.76219,1.571022303794},
{5.13874,1.76282,1.571022091794},
{5.13836,1.76346,1.571021879794},
{5.13799,1.7641,1.571021667794},
{5.13762,1.76473,1.571021456794},
{5.13725,1.76537,1.571021244794},
{5.13688,1.76601,1.571021032794},
{5.1365,1.76664,1.571020820794},
{5.13613,1.76728,1.571020608794},
{5.13576,1.76791,1.571020397794},
{5.13539,1.76855,1.571020185794},
{5.13501,1.76919,1.571019973794},
{5.13464,1.76982,1.571019761794},
{5.13427,1.77046,1.571019549794},
{5.1339,1.7711,1.571019338794},
{5.13353,1.77173,1.571019126794},
{5.13315,1.77237,1.571018914794},
{5.13278,1.773,1.571018702794},
{5.13241,1.77364,1.571018491794},
{5.13204,1.77428,1.571018279794},
{5.13166,1.77491,1.571018067794},
{5.13129,1.77555,1.571017855794},
{5.13092,1.77619,1.571017643794},
{5.13055,1.77682,1.571017432794},
{5.13018,1.77746,1.571017220794},
{5.1298,1.77809,1.571017008794},
{5.12943,1.77873,1.571016796794},
{5.12906,1.77937,1.571016585794},
{5.12869,1.78,1.571016373794},
{5.12831,1.78064,1.571016161794},
{5.12794,1.78127,1.571015949794},
{5.12757,1.78191,1.571015737794},
{5.1272,1.78255,1.571015526794},
{5.12683,1.78318,1.571015314794},
{5.12645,1.78382,1.571015102794},
{5.12608,1.78446,1.571014890794},
{5.12641,1.78389,1.571015044794},
{5.12607,1.78448,1.571014778794},
{5.12572,1.78508,1.571014511794},
{5.12537,1.78567,1.571014244794},
{5.12502,1.78627,1.571013978794},
{5.12467,1.78687,1.571013711794},
{5.12432,1.78746,1.571013445794},
{5.12397,1.78806,1.571013178794},
{5.12363,1.78865,1.571012912794},
{5.12328,1.78925,1.571012645794},
{5.12293,1.78985,1.571012379794},
{5.12258,1.79044,1.571012112794},
{5.12223,1.79104,1.571011846794},
{5.12188,1.79163,1.571011579794},
{5.12153,1.79223,1.571011313794},
{5.12119,1.79283,1.571011046794},
{5.12084,1.79342,1.571010780794},
{5.12049,1.79402,1.571010513794},
{5.12014,1.79461,1.571010247794},
{5.11979,1.79521,1.571009980794},
{5.11944,1.79581,1.571009713794},
{5.11909,1.7964,1.571009447794},
{5.11874,1.797,1.571009180794},
{5.1184,1.79759,1.571008914794},
{5.11805,1.79819,1.571008647794},
{5.1177,1.79879,1.571008381794},
{5.11735,1.79938,1.571008114794},
{5.117,1.79998,1.571007848794},
{5.11665,1.80057,1.571007581794},
{5.1163,1.80117,1.571007315794},
{5.11596,1.80176,1.571007048794},
{5.11561,1.80236,1.571006782794},
{5.11526,1.80296,1.571006515794},
{5.11491,1.80355,1.571006249794},
{5.11456,1.80415,1.571005982794},
{5.11421,1.80474,1.571005715794},
{5.11386,1.80534,1.571005449794},
{5.11352,1.80594,1.571005182794},
{5.11317,1.80653,1.571004916794},
{5.11282,1.80713,1.571004649794},
{5.11247,1.80772,1.571004383794},
{5.11212,1.80832,1.571004116794},
{5.11177,1.80892,1.571003850794},
{5.11142,1.80951,1.571003583794},
{5.11107,1.81011,1.571003317794},
{5.11073,1.8107,1.571003050794},
{5.11038,1.8113,1.571002784794},
{5.11003,1.8119,1.571002517794},
{5.10968,1.81249,1.571002251794},
{5.10933,1.81309,1.571001984794},
{5.10898,1.81368,1.571001718794},
{5.10863,1.81428,1.571001451794},
{5.10829,1.81488,1.571001184794},
{5.10794,1.81547,1.571000918794},
{5.10759,1.81607,1.571000651794},
{5.10724,1.81666,1.571000385794},
{5.10689,1.81726,1.571000118794},
{5.10654,1.81786,1.570999852794},
{5.10619,1.81845,1.570999585794},
{5.10585,1.81905,1.570999319794},
{5.1055,1.81964,1.570999052794},
{5.10515,1.82024,1.570998786794},
{5.1048,1.82083,1.570998519794},
{5.10445,1.82143,1.570998253794},
{5.1041,1.82203,1.570997986794},
{5.10375,1.82262,1.570997720794},
{5.10416,1.82193,1.570997992794},
{5.10383,1.82248,1.570997663794},
{5.10351,1.82304,1.570997334794},
{5.10319,1.82359,1.570997006794},
{5.10287,1.82414,1.570996677794},
{5.10254,1.82469,1.570996348794},
{5.10222,1.82525,1.570996019794},
{5.1019,1.8258,1.570995690794},
{5.10157,1.82635,1.570995361794},
{5.10125,1.8269,1.570995032794},
{5.10093,1.82745,1.570994703794},
{5.1006,1.82801,1.570994375794},
{5.10028,1.82856,1.570994046794},
{5.09996,1.82911,1.570993717794},
{5.09963,1.82966,1.570993388794},
{5.09931,1.83022,1.570993059794},
{5.09899,1.83077,1.570992730794},
{5.09867,1.83132,1.570992401794},
{5.09834,1.83187,1.570992072794},
{5.09802,1.83243,1.570991744794},
{5.0977,1.83298,1.570991415794},
{5.09737,1.83353,1.570991086794},
{5.09705,1.83408,1.570990757794},
{5.09673,1.83464,1.570990428794},
{5.0964,1.83519,1.570990099794},
{5.09608,1.83574,1.570989770794},
{5.09576,1.83629,1.570989441794},
{5.09543,1.83684,1.570989113794},
{5.09511,1.8374,1.570988784794},
{5.09479,1.83795,1.570988455794},
{5.09446,1.8385,1.570988126794},
{5.09414,1.83905,1.570987797794},
{5.09382,1.83961,1.570987468794},
{5.0935,1.84016,1.570987139794},
{5.09317,1.84071,1.570986810794},
{5.09285,1.84126,1.570986482794},
{5.09253,1.84182,1.570986153794},
{5.0922,1.84237,1.570985824794},
{5.09188,1.84292,1.570985495794},
{5.09156,1.84347,1.570985166794},
{5.09123,1.84402,1.570984837794},
{5.09091,1.84458,1.570984508794},
{5.09059,1.84513,1.570984179794},
{5.09026,1.84568,1.570983851794},
{5.08994,1.84623,1.570983522794},
{5.08962,1.84679,1.570983193794},
{5.08929,1.84734,1.570982864794},
{5.08897,1.84789,1.570982535794},
{5.08865,1.84844,1.570982206794},
{5.08833,1.849,1.570981877794},
{5.088,1.84955,1.570981548794},
{5.08768,1.8501,1.570981220794},
{5.08736,1.85065,1.570980891794},
{5.08703,1.85121,1.570980562794},
{5.08671,1.85176,1.570980233794},
{5.08639,1.85231,1.570979904794},
{5.08606,1.85286,1.570979575794},
{5.08574,1.85341,1.570979246794},
{5.08542,1.85397,1.570978917794},
{5.08509,1.85452,1.570978589794},
{5.08477,1.85507,1.570978260794},
{5.08445,1.85562,1.570977931794},
{5.08412,1.85618,1.570977602794},
{5.0838,1.85673,1.570977273794},
{5.08426,1.85594,1.570977705794},
{5.08397,1.85645,1.570977328794},
{5.08367,1.85695,1.570976950794},
{5.08337,1.85746,1.570976573794},
{5.08308,1.85797,1.570976196794},
{5.08278,1.85847,1.570975819794},
{5.08249,1.85898,1.570975442794},
{5.08219,1.85948,1.570975065794},
{5.08189,1.85999,1.570974688794},
{5.0816,1.8605,1.570974311794},
{5.0813,1.861,1.570973934794},
{5.08101,1.86151,1.570973557794},
{5.08071,1.86201,1.570973179794},
{5.08041,1.86252,1.570972802794},
{5.08012,1.86303,1.570972425794},
{5.07982,1.86353,1.570972048794},
{5.07953,1.86404,1.570971671794},
{5.07923,1.86455,1.570971294794},
{5.07893,1.86505,1.570970917794},
{5.07864,1.86556,1.570970540794},
{5.07834,1.86606,1.570970163794},
{5.07804,1.86657,1.570969786794},
{5.07775,1.86708,1.570969408794},
{5.07745,1.86758,1.570969031794},
{5.07716,1.86809,1.570968654794},
{5.07686,1.86859,1.570968277794},
{5.07656,1.8691,1.570967900794},
{5.07627,1.86961,1.570967523794},
{5.07597,1.87011,1.570967146794},
{5.07568,1.87062,1.570966769794},
{5.07538,1.87113,1.570966392794},
{5.07508,1.87163,1.570966014794},
{5.07479,1.87214,1.570965637794},
{5.07449,1.87264,1.570965260794},
{5.0742,1.87315,1.570964883794},
{5.0739,1.87366,1.570964506794},
{5.0736,1.87416,1.570964129794},
{5.07331,1.87467,1.570963752794},
{5.07301,1.87517,1.570963375794},
{5.07271,1.87568,1.570962998794},
{5.07242,1.87619,1.570962621794},
{5.07212,1.87669,1.570962243794},
{5.07183,1.8772,1.570961866794},
{5.07153,1.87771,1.570961489794},
{5.07123,1.87821,1.570961112794},
{5.07094,1.87872,1.570960735794},
{5.07064,1.87922,1.570960358794},
{5.07035,1.87973,1.570959981794},
{5.07005,1.88024,1.570959604794},
{5.06975,1.88074,1.570959227794},
{5.06946,1.88125,1.570958850794},
{5.06916,1.88175,1.570958472794},
{5.06887,1.88226,1.570958095794},
{5.06857,1.88277,1.570957718794},
{5.06827,1.88327,1.570957341794},
{5.06798,1.88378,1.570956964794},
{5.06768,1.88429,1.570956587794},
{5.06739,1.88479,1.570956210794},
{5.06709,1.8853,1.570955833794},
{5.06679,1.8858,1.570955456794},
{5.0665,1.88631,1.570955079794},
{5.0662,1.88682,1.570954701794},
{5.06671,1.88594,1.570955274794},
{5.06644,1.8864,1.570954851794},
{5.06617,1.88686,1.570954427794},
{5.06591,1.88732,1.570954004794},
{5.06564,1.88778,1.570953581794},
{5.06537,1.88824,1.570953157794},
{5.0651,1.88869,1.570952734794},
{5.06483,1.88915,1.570952310794},
{5.06457,1.88961,1.570951887794},
{5.0643,1.89007,1.570951464794},
{5.06403,1.89053,1.570951040794},
{5.06376,1.89098,1.570950617794},
{5.06349,1.89144,1.570950193794},
{5.06323,1.8919,1.570949770794},
{5.06296,1.89236,1.570949347794},
{5.06269,1.89282,1.570948923794},
{5.06242,1.89327,1.570948500794},
{5.06216,1.89373,1.570948077794},
{5.06189,1.89419,1.570947653794},
{5.06162,1.89465,1.570947230794},
{5.06135,1.89511,1.570946806794},
{5.06108,1.89556,1.570946383794},
{5.06082,1.89602,1.570945960794},
{5.06055,1.89648,1.570945536794},
{5.06028,1.89694,1.570945113794},
{5.06001,1.8974,1.570944689794},
{5.05974,1.89786,1.570944266794},
{5.05948,1.89831,1.570943843794},
{5.05921,1.89877,1.570943419794},
{5.05894,1.89923,1.570942996794},
{5.05867,1.89969,1.570942573794},
{5.0584,1.90015,1.570942149794},
{5.05814,1.9006,1.570941726794},
{5.05787,1.90106,1.570941302794},
{5.0576,1.90152,1.570940879794},
{5.05733,1.90198,1.570940456794},
{5.05706,1.90244,1.570940032794},
{5.0568,1.90289,1.570939609794},
{5.05653,1.90335,1.570939185794},
{5.05626,1.90381,1.570938762794},
{5.05599,1.90427,1.570938339794},
{5.05572,1.90473,1.570937915794},
{5.05546,1.90519,1.570937492794},
{5.05519,1.90564,1.570937068794},
{5.05492,1.9061,1.570936645794},
{5.05465,1.90656,1.570936222794},
{5.05438,1.90702,1.570935798794},
{5.05412,1.90748,1.570935375794},
{5.05385,1.90793,1.570934952794},
{5.05358,1.90839,1.570934528794},
{5.05331,1.90885,1.570934105794},
{5.05304,1.90931,1.570933681794},
{5.05278,1.90977,1.570933258794},
{5.05251,1.91022,1.570932835794},
{5.05224,1.91068,1.570932411794},
{5.05197,1.91114,1.570931988794},
{5.0517,1.9116,1.570931564794},
{5.05144,1.91206,1.570931141794},
{5.05194,1.9112,1.570931933794},
{5.0517,1.91161,1.570931487794},
{5.05146,1.91202,1.570931041794},
{5.05122,1.91243,1.570930595794},
{5.05098,1.91284,1.570930150794},
{5.05074,1.91324,1.570929704794},
{5.0505,1.91365,1.570929258794},
{5.05026,1.91406,1.570928812794},
{5.05002,1.91447,1.570928366794},
{5.04978,1.91488,1.570927921794},
{5.04954,1.91529,1.570927475794},
{5.04931,1.9157,1.570927029794},
{5.04907,1.91611,1.570926583794},
{5.04883,1.91652,1.570926137794},
{5.04859,1.91693,1.570925691794},
{5.04835,1.91733,1.570925246794},
{5.04811,1.91774,1.570924800794},
{5.04787,1.91815,1.570924354794},
{5.04763,1.91856,1.570923908794},
{5.04739,1.91897,1.570923462794},
{5.04715,1.91938,1.570923016794},
{5.04691,1.91979,1.570922571794},
{5.04667,1.9202,1.570922125794},
{5.04643,1.92061,1.570921679794},
{5.0462,1.92102,1.570921233794},
{5.04596,1.92142,1.570920787794},
{5.04572,1.92183,1.570920341794},
{5.04548,1.92224,1.570919896794},
{5.04524,1.92265,1.570919450794},
{5.045,1.92306,1.570919004794},
{5.04476,1.92347,1.570918558794},
{5.04452,1.92388,1.570918112794},
{5.04428,1.92429,1.570917666794},
{5.04404,1.9247,1.570917221794},
{5.0438,1.92511,1.570916775794},
{5.04356,1.92551,1.570916329794},
{5.04332,1.92592,1.570915883794},
{5.04309,1.92633,1.570915437794},
{5.04285,1.92674,1.570914991794},
{5.04261,1.92715,1.570914546794},
{5.04237,1.92756,1.570914100794},
{5.04213,1.92797,1.570913654794},
{5.04189,1.92838,1.570913208794},
{5.04165,1.92879,1.570912762794},
{5.04141,1.92919,1.570912316794},
{5.04117,1.9296,1.570911871794},
{5.04093,1.93001,1.570911425794},
{5.04069,1.93042,1.570910979794},
{5.04045,1.93083,1.570910533794},
{5.04021,1.93124,1.570910087794},
{5.03997,1.93165,1.570909641794},
{5.03974,1.93206,1.570909196794},
{5.0395,1.93247,1.570908750794},
{5.03926,1.93288,1.570908304794},
{5.03902,1.93328,1.570907858794},
{5.03878,1.93369,1.570907412794},
{5.03854,1.9341,1.570906966794},
{5.03907,1.9332,1.570907885794},
{5.03886,1.93356,1.570907423794},
{5.03865,1.93392,1.570906960794},
{5.03844,1.93428,1.570906498794},
{5.03823,1.93464,1.570906035794},
{5.03802,1.935,1.570905572794},
{5.03781,1.93536,1.570905110794},
{5.0376,1.93572,1.570904647794},
{5.03739,1.93608,1.570904185794},
{5.03718,1.93643,1.570903722794},
{5.03697,1.93679,1.570903259794},
{5.03675,1.93715,1.570902797794},
{5.03654,1.93751,1.570902334794},
{5.03633,1.93787,1.570901872794},
{5.03612,1.93823,1.570901409794},
{5.03591,1.93859,1.570900947794},
{5.0357,1.93895,1.570900484794},
{5.03549,1.93931,1.570900021794},
{5.03528,1.93967,1.570899559794},
{5.03507,1.94003,1.570899096794},
{5.03486,1.94039,1.570898634794},
{5.03465,1.94075,1.570898171794},
{5.03444,1.94111,1.570897709794},
{5.03423,1.94147,1.570897246794},
{5.03402,1.94183,1.570896783794},
{5.03381,1.94219,1.570896321594},
{5.0336,1.94255,1.570895858994},
{5.03339,1.94291,1.570895396394},
{5.03318,1.94327,1.570894933894},
{5.03297,1.94363,1.570894471294},
{5.03276,1.94399,1.570894008694},
{5.03255,1.94434,1.570893546094},
{5.03234,1.9447,1.570893083594},
{5.03213,1.94506,1.570892620994},
{5.03192,1.94542,1.570892158394},
{5.03171,1.94578,1.570891695794},
{5.0315,1.94614,1.570891233194},
{5.03129,1.9465,1.570890770694},
{5.03108,1.94686,1.570890308094},
{5.03087,1.94722,1.570889845494},
{5.03066,1.94758,1.570889382894},
{5.03045,1.94794,1.570888920294},
{5.03024,1.9483,1.570888457794},
{5.03002,1.94866,1.570887995194},
{5.02981,1.94902,1.570887532594},
{5.0296,1.94938,1.570887069994},
{5.02939,1.94974,1.570886607394},
{5.02918,1.9501,1.570886144894},
{5.02897,1.95046,1.570885682294},
{5.02876,1.95082,1.570885219694},
{5.02855,1.95118,1.570884757094},
{5.02834,1.95154,1.570884294494},
{5.02813,1.9519,1.570883831994},
{5.02865,1.95102,1.570884915394},
{5.02846,1.95133,1.570884468094},
{5.02828,1.95164,1.570884020894},
{5.0281,1.95195,1.570883573694},
{5.02792,1.95226,1.570883126394},
{5.02774,1.95257,1.570882679194},
{5.02756,1.95288,1.570882231994},
{5.02737,1.95319,1.570881784694},
{5.02719,1.9535,1.570881337494},
{5.02701,1.95381,1.570880890294},
{5.02683,1.95412,1.570880442994},
{5.02665,1.95443,1.570879995794},
{5.02647,1.95474,1.570879548594},
{5.02628,1.95505,1.570879101294},
{5.0261,1.95537,1.570878654094},
{5.02592,1.95568,1.570878206894},
{5.02574,1.95599,1.570877759594},
{5.02556,1.9563,1.570877312394},
{5.02538,1.95661,1.570876865194},
{5.02519,1.95692,1.570876417894},
{5.02501,1.95723,1.570875970694},
{5.02483,1.95754,1.570875523494},
{5.02465,1.95785,1.570875076194},
{5.02447,1.95816,1.570874628994},
{5.02429,1.95847,1.570874181794},
{5.0241,1.95878,1.570873734494},
{5.02392,1.95909,1.570873287294},
{5.02374,1.9594,1.570872840094},
{5.02356,1.95971,1.570872392894},
{5.02338,1.96002,1.570871945594},
{5.0232,1.96033,1.570871498394},
{5.02301,1.96065,1.570871051194},
{5.02283,1.96096,1.570870603894},
{5.02265,1.96127,1.570870156694},
{5.02247,1.96158,1.570869709494},
{5.02229,1.96189,1.570869262194},
{5.02211,1.9622,1.570868814994},
{5.02192,1.96251,1.570868367794},
{5.02174,1.96282,1.570867920494},
{5.02156,1.96313,1.570867473294},
{5.02138,1.96344,1.570867026094},
{5.0212,1.96375,1.570866578794},
{5.02102,1.96406,1.570866131594},
{5.02083,1.96437,1.570865684394},
{5.02065,1.96468,1.570865237094},
{5.02047,1.96499,1.570864789894},
{5.02029,1.9653,1.570864342694},
{5.02011,1.96561,1.570863895394},
{5.01993,1.96593,1.570863448194},
{5.02039,1.96513,1.570864576094},
{5.02024,1.96539,1.570864146094},
{5.02008,1.96566,1.570863715994},
{5.01993,1.96592,1.570863285894},
{5.01978,1.96618,1.570862855894},
{5.01962,1.96645,1.570862425794},
{5.01947,1.96671,1.570861995694},
{5.01931,1.96697,1.570861565694},
{5.01916,1.96723,1.570861135594},
{5.01901,1.9675,1.570860705494},
{5.01885,1.96776,1.570860275494},
{5.0187,1.96802,1.570859845394},
{5.01855,1.96829,1.570859415294},
{5.01839,1.96855,1.570858985294},
{5.01824,1.96881,1.570858555194},
{5.01808,1.96907,1.570858125094},
{5.01793,1.96934,1.570857695094},
{5.01778,1.9696,1.570857264994},
{5.01762,1.96986,1.570856834894},
{5.01747,1.97013,1.570856404894},
{5.01732,1.97039,1.570855974794},
{5.01716,1.97065,1.570855544694},
{5.01701,1.97092,1.570855114694},
{5.01685,1.97118,1.570854684594},
{5.0167,1.97144,1.570854254494},
{5.01655,1.9717,1.570853824494},
{5.01639,1.97197,1.570853394394},
{5.01624,1.97223,1.570852964294},
{5.01609,1.97249,1.570852534294},
{5.01593,1.97276,1.570852104194},
{5.01578,1.97302,1.570851674094},
{5.01562,1.97328,1.570851244094},
{5.01547,1.97354,1.570850813994},
{5.01532,1.97381,1.570850383894},
{5.01516,1.97407,1.570849953894},
{5.01501,1.97433,1.570849523794},
{5.01486,1.9746,1.570849093794},
{5.0147,1.97486,1.570848663694},
{5.01455,1.97512,1.570848233594},
{5.01439,1.97539,1.570847803594},
{5.01424,1.97565,1.570847373494},
{5.01409,1.97591,1.570846943394},
{5.01393,1.97617,1.570846513394},
{5.01378,1.97644,1.570846083294},
{5.01363,1.9767,1.570845653194},
{5.01347,1.97696,1.570845223194},
{5.01389,1.97625,1.570846390194},
{5.01376,1.97646,1.570846003894},
{5.01364,1.97668,1.570845617594},
{5.01351,1.9769,1.570845231394},
{5.01338,1.97712,1.570844845094},
{5.01326,1.97733,1.570844458794},
{5.01313,1.97755,1.570844072494},
{5.013,1.97777,1.570843686294},
{5.01287,1.97798,1.570843299994},
{5.01275,1.9782,1.570842913694},
{5.01262,1.97842,1.570842527394},
{5.01249,1.97864,1.570842141194},
{5.01237,1.97885,1.570841754894},
{5.01224,1.97907,1.570841368594},
{5.01211,1.97929,1.570840982294},
{5.01198,1.97951,1.570840595994},
{5.01186,1.97972,1.570840209794},
{5.01173,1.97994,1.570839823494},
{5.0116,1.98016,1.570839437194},
{5.01148,1.98038,1.570839050894},
{5.01135,1.98059,1.570838664694},
{5.01122,1.98081,1.570838278394},
{5.01109,1.98103,1.570837892094},
{5.01097,1.98124,1.570837505794},
{5.01084,1.98146,1.570837119494},
{5.01071,1.98168,1.570836733294},
{5.01059,1.9819,1.570836346994},
{5.01046,1.98211,1.570835960694},
{5.01033,1.98233,1.570835574394},
{5.01021,1.98255,1.570835188194},
{5.01008,1.98277,1.570834801894},
{5.00995,1.98298,1.570834415594},
{5.00982,1.9832,1.570834029294},
{5.0097,1.98342,1.570833643094},
{5.00957,1.98363,1.570833256794},
{5.00944,1.98385,1.570832870494},
{5.00932,1.98407,1.570832484194},
{5.00919,1.98429,1.570832097894},
{5.00906,1.9845,1.570831711694},
{5.00893,1.98472,1.570831325394},
{5.00881,1.98494,1.570830939094},
{5.00868,1.98516,1.570830552794},
{5.00855,1.98537,1.570830166594},
{5.00894,1.98472,1.570831303894},
{5.00883,1.98489,1.570830958894},
{5.00873,1.98507,1.570830613894},
{5.00863,1.98524,1.570830268894},
{5.00853,1.98542,1.570829923894},
{5.00843,1.98559,1.570829578994},
{5.00832,1.98577,1.570829233994},
{5.00822,1.98594,1.570828888994},
{5.00812,1.98612,1.570828543994},
{5.00802,1.98629,1.570828198994},
{5.00792,1.98646,1.570827853994},
{5.00781,1.98664,1.570827508994},
{5.00771,1.98681,1.570827164094},
{5.00761,1.98699,1.570826819094},
{5.00751,1.98716,1.570826474094},
{5.00741,1.98734,1.570826129094},
{5.0073,1.98751,1.570825784094},
{5.0072,1.98769,1.570825439094},
{5.0071,1.98786,1.570825094194},
{5.007,1.98803,1.570824749194},
{5.00689,1.98821,1.570824404194},
{5.00679,1.98838,1.570824059194},
{5.00669,1.98856,1.570823714194},
{5.00659,1.98873,1.570823369194},
{5.00649,1.98891,1.570823024294},
{5.00638,1.98908,1.570822679294},
{5.00628,1.98926,1.570822334294},
{5.00618,1.98943,1.570821989294},
{5.00608,1.98961,1.570821644294},
{5.00598,1.98978,1.570821299294},
{5.00587,1.98995,1.570820954294},
{5.00577,1.99013,1.570820609394},
{5.00567,1.9903,1.570820264394},
{5.00557,1.99048,1.570819919394},
{5.00547,1.99065,1.570819574394},
{5.00536,1.99083,1.570819229394},
{5.00526,1.991,1.570818884394},
{5.00516,1.99118,1.570818539494},
{5.00547,1.99064,1.570819590294},
{5.00539,1.99078,1.570819303094},
{5.00531,1.99091,1.570819015894},
{5.00523,1.99105,1.570818728694},
{5.00516,1.99118,1.570818441494},
{5.00508,1.99132,1.570818154294},
{5.005,1.99145,1.570817867094},
{5.00492,1.99159,1.570817579794},
{5.00484,1.99172,1.570817292594},
{5.00476,1.99186,1.570817005394},
{5.00468,1.99199,1.570816718194},
{5.0046,1.99213,1.570816430994},
{5.00452,1.99226,1.570816143794},
{5.00444,1.9924,1.570815856594},
{5.00437,1.99253,1.570815569294},
{5.00429,1.99267,1.570815282094},
{5.00421,1.9928,1.570814994894},
{5.00413,1.99294,1.570814707694},
{5.00405,1.99308,1.570814420494},
{5.00397,1.99321,1.570814133294},
{5.00389,1.99335,1.570813846094},
{5.00381,1.99348,1.570813558794},
{5.00373,1.99362,1.570813271594},
{5.00365,1.99375,1.570812984394},
{5.00358,1.99389,1.570812697194},
{5.0035,1.99402,1.570812409994},
{5.00342,1.99416,1.570812122794},
{5.00334,1.99429,1.570811835594},
{5.00326,1.99443,1.570811548294},
{5.00318,1.99456,1.570811261094},
{5.0031,1.9947,1.570810973894},
{5.00302,1.99483,1.570810686694},
{5.00294,1.99497,1.570810399494},
{5.00286,1.9951,1.570810112294},
{5.00278,1.99524,1.570809825094},
{5.00305,1.99479,1.570810761394},
{5.00299,1.99489,1.570810522894},
{5.00293,1.99499,1.570810284394},
{5.00287,1.99509,1.570810045894},
{5.00281,1.99519,1.570809807394},
{5.00275,1.99529,1.570809568894},
{5.0027,1.99539,1.570809330394},
{5.00264,1.99549,1.570809091994},
{5.00258,1.99559,1.570808853494},
{5.00252,1.99569,1.570808614994},
{5.00246,1.99579,1.570808376494},
{5.0024,1.99589,1.570808137994},
{5.00235,1.99599,1.570807899494},
{5.00229,1.99609,1.570807660994},
{5.00223,1.99619,1.570807422494},
{5.00217,1.99629,1.570807183994},
{5.00211,1.99639,1.570806945494},
{5.00205,1.99649,1.570806706994},
{5.002,1.99659,1.570806468494},
{5.00194,1.99669,1.570806230044},
{5.00188,1.99679,1.570805991554},
{5.00182,1.99689,1.570805753054},
{5.00176,1.99699,1.570805514564},
{5.0017,1.99709,1.570805276074},
{5.00164,1.99719,1.570805037584},
{5.00159,1.99729,1.570804799084},
{5.00153,1.99739,1.570804560594},
{5.00147,1.99749,1.570804322104},
{5.00141,1.99759,1.570804083614},
{5.00135,1.99769,1.570803845124},
{5.00155,1.99735,1.570804638734},
{5.00151,1.99742,1.570804457684},
{5.00147,1.99749,1.570804276634},
{5.00143,1.99756,1.570804095584},
{5.00139,1.99763,1.570803914534},
{5.00135,1.9977,1.570803733494},
{5.0013,1.99777,1.570803552444},
{5.00126,1.99784,1.570803371394},
{5.00122,1.99791,1.570803190344},
{5.00118,1.99798,1.570803009294},
{5.00114,1.99805,1.570802828244},
{5.0011,1.99812,1.570802647194},
{5.00106,1.99818,1.570802466144},
{5.00102,1.99825,1.570802285094},
{5.00098,1.99832,1.570802104054},
{5.00094,1.99839,1.570801923004},
{5.0009,1.99846,1.570801741954},
{5.00086,1.99853,1.570801560904},
{5.00082,1.9986,1.570801379854},
{5.00078,1.99867,1.570801198804},
{5.00074,1.99874,1.570801017754},
{5.0007,1.99881,1.570800836704},
{5.00066,1.99888,1.570800655654},
{5.00062,1.99895,1.570800474614},
{5.00058,1.99902,1.570800293564},
{5.00053,1.99909,1.570800112514},
{5.00067,1.99885,1.570800728724},
{5.00065,1.99889,1.570800588734},
{5.00062,1.99894,1.570800448754},
{5.0006,1.99898,1.570800308764},
{5.00057,1.99902,1.570800168774},
{5.00054,1.99907,1.570800028794},
{5.00052,1.99911,1.570799888804},
{5.00049,1.99916,1.570799748814},
{5.00047,1.9992,1.570799608834},
{5.00044,1.99924,1.570799468844},
{5.00042,1.99929,1.570799328854},
{5.00039,1.99933,1.570799188864},
{5.00036,1.99938,1.570799048884},
{5.00034,1.99942,1.570798908894},
{5.00031,1.99946,1.570798768904},
{5.00029,1.99951,1.570798628924},
{5.00026,1.99955,1.570798488934},
{5.00024,1.9996,1.570798348944},
{5.00021,1.99964,1.570798208964},
{5.00019,1.99968,1.570798068974},
{5.00016,1.99973,1.570797928984},
{5.00013,1.99977,1.570797788994},
{5.00023,1.99961,1.570798289614},
{5.00021,1.99964,1.570798191144},
{5.0002,1.99966,1.570798092684},
{5.00018,1.99968,1.570797994214},
{5.00017,1.99971,1.570797895754},
{5.00016,1.99973,1.570797797284},
{5.00014,1.99976,1.570797698824},
{5.00013,1.99978,1.570797600354},
{5.00011,1.9998,1.570797501894},
{5.0001,1.99983,1.570797403424},
{5.00009,1.99985,1.570797304958},
{5.00007,1.99988,1.570797206493},
{5.00006,1.9999,1.570797108027},
{5.00004,1.99992,1.570797009562},
{5.00003,1.99995,1.570796911097},
{5.00002,1.99997,1.570796812631},
{5,2,1.570796714166},
{5.00005,1.99991,1.570797065487},
{5.00005,1.99992,1.570796993014},
{5.00004,1.99993,1.570796920541},
{5.00003,1.99994,1.570796848068},
{5.00003,1.99995,1.570796775595},
{5.00002,1.99996,1.570796703122},
{5.00002,1.99997,1.570796630650},
{5.00001,1.99998,1.570796558177},
{5,1.99999,1.570796485704},
{5,2,1.570796413231},
{4.99999,2.00001,1.570796340758},
{4.99999,2.00002,1.57079626828},
{4.99998,2.00003,1.570796195812},
{5,1.99999,1.570796466731},
{5,2,1.570796421240},
{5,2,1.570796375749},
{5,2,1.5707963302587},
{5,2,1.570796284767},
{5,2,1.570796239276},
{5,2.00001,1.570796193785},
{4.99999,2.00001,1.570796148294},
{5,2,1.570796326794}